idx	label	predict	radius	correct	time
0	3	3	0.483	1	0:00:15.685996
5	6	6	0.421	1	0:00:15.533192
10	0	0	0.306	1	0:00:15.674787
15	8	8	0.799	1	0:00:15.822514
20	7	7	0.408	1	0:00:15.910989
25	2	2	0.697	1	0:00:15.980250
30	6	6	0.176	1	0:00:16.054586
35	2	-1	0.0	0	0:00:16.100769
40	4	4	0.314	1	0:00:16.130354
45	9	9	1.2	1	0:00:16.194196
50	9	9	0.656	1	0:00:16.199871
55	8	8	0.579	1	0:00:16.201247
60	7	7	1.21	1	0:00:16.251502
65	2	2	0.518	1	0:00:16.301056
70	2	-1	0.0	0	0:00:16.340494
75	2	2	0.351	1	0:00:16.385052
80	8	8	1.2	1	0:00:16.373287
85	5	7	1.28	0	0:00:16.363851
90	0	0	0.458	1	0:00:16.379026
95	6	3	0.0366	0	0:00:16.392906
100	4	-1	0.0	0	0:00:16.383366
105	1	1	1.2	1	0:00:16.390670
110	4	-1	0.0	0	0:00:16.393516
115	3	3	0.466	1	0:00:16.383429
120	8	8	0.226	1	0:00:16.397812
125	0	-1	0.0	0	0:00:16.393253
130	4	2	0.0614	0	0:00:16.411793
135	2	2	0.0723	1	0:00:16.421183
140	6	6	0.366	1	0:00:16.413625
145	7	7	0.614	1	0:00:16.405063
150	8	8	0.88	1	0:00:16.388005
155	5	5	0.593	1	0:00:16.410529
160	2	2	0.272	1	0:00:16.394911
165	4	2	0.132	0	0:00:16.394192
170	9	9	0.432	1	0:00:16.398615
175	9	9	1.58	1	0:00:16.383658
180	0	0	0.937	1	0:00:16.395481
185	8	8	1.42	1	0:00:16.383109
190	5	5	0.347	1	0:00:16.390891
195	2	2	0.346	1	0:00:16.406217
200	5	5	0.279	1	0:00:16.410969
205	3	3	0.712	1	0:00:16.401500
210	7	-1	0.0	0	0:00:16.389462
215	0	2	0.0764	0	0:00:16.365041
220	7	7	1.35	1	0:00:16.372397
225	9	9	0.849	1	0:00:16.370018
230	5	5	1.01	1	0:00:16.379501
235	0	0	1.91	1	0:00:16.365176
240	1	1	1.87	1	0:00:16.363307
245	3	-1	0.0	0	0:00:16.379678
250	5	-1	0.0	0	0:00:16.365625
255	0	-1	0.0	0	0:00:16.359595
260	8	8	0.0127	1	0:00:16.409937
265	8	8	1.45	1	0:00:16.408751
270	2	2	0.0589	1	0:00:16.361042
275	5	5	0.00624	1	0:00:16.363695
280	9	9	1.04	1	0:00:16.363945
285	9	9	1.72	1	0:00:16.354159
290	1	1	1.64	1	0:00:16.366719
295	4	-1	0.0	0	0:00:16.367158
300	6	6	0.678	1	0:00:16.353199
305	1	1	0.361	1	0:00:16.356178
310	8	8	0.691	1	0:00:16.362317
315	0	0	1.77	1	0:00:16.364431
320	3	3	0.598	1	0:00:16.391933
325	1	1	0.588	1	0:00:16.399812
330	1	1	0.705	1	0:00:16.376768
335	9	9	0.9	1	0:00:16.356861
340	2	4	0.167	0	0:00:16.349797
345	5	5	1.02	1	0:00:16.364223
350	9	9	0.559	1	0:00:16.365911
355	7	-1	0.0	0	0:00:16.368589
360	9	9	0.3	1	0:00:16.366509
365	4	-1	0.0	0	0:00:16.367089
370	4	-1	0.0	0	0:00:16.359670
375	7	7	0.776	1	0:00:16.363208
380	6	6	0.452	1	0:00:16.376714
385	8	0	1.34	0	0:00:16.364104
390	1	1	1.56	1	0:00:16.401452
395	6	6	0.476	1	0:00:16.361148
400	9	9	1.18	1	0:00:16.360209
405	4	2	0.016	0	0:00:16.372721
410	7	7	0.338	1	0:00:16.368562
415	9	9	1.13	1	0:00:16.369235
420	4	4	0.796	1	0:00:16.370788
425	9	9	1.29	1	0:00:16.362290
430	2	-1	0.0	0	0:00:16.357147
435	7	7	0.496	1	0:00:16.346324
440	1	1	0.444	1	0:00:16.370848
445	7	2	0.34	0	0:00:16.386824
450	2	2	0.686	1	0:00:16.376917
455	4	-1	0.0	0	0:00:16.365400
460	5	5	1.12	1	0:00:16.359141
465	4	-1	0.0	0	0:00:16.364163
470	3	-1	0.0	0	0:00:16.369366
475	7	7	1.01	1	0:00:16.361431
480	8	9	0.554	0	0:00:16.363179
485	9	8	0.0735	0	0:00:16.364980
490	1	1	1.07	1	0:00:16.357641
495	8	8	0.969	1	0:00:16.367521
500	4	6	0.372	0	0:00:16.362614
505	4	4	0.492	1	0:00:16.391464
510	5	5	0.694	1	0:00:16.393690
515	3	3	0.242	1	0:00:16.370326
520	5	5	0.327	1	0:00:16.352013
525	5	-1	0.0	0	0:00:16.350644
530	9	9	0.794	1	0:00:16.356369
535	6	6	0.596	1	0:00:16.356943
540	1	1	0.684	1	0:00:16.365192
545	9	9	1.06	1	0:00:16.360104
550	5	2	0.344	0	0:00:16.361085
555	4	8	0.538	0	0:00:16.368171
560	0	0	1.35	1	0:00:16.373532
565	3	5	1.17	0	0:00:16.574396
570	6	6	0.257	1	0:00:16.627066
575	6	6	0.313	1	0:00:16.683131
580	4	4	0.504	1	0:00:16.737188
585	9	9	0.0318	1	0:00:16.739921
590	6	6	1.01	1	0:00:16.640891
595	4	4	0.153	1	0:00:16.715081
600	8	8	1.13	1	0:00:16.815295
605	6	6	1.61	1	0:00:16.762426
610	6	6	0.596	1	0:00:16.711093
615	8	-1	0.0	0	0:00:16.832543
620	7	7	0.478	1	0:00:16.858468
625	9	9	0.0349	1	0:00:16.868522
630	2	8	0.0281	0	0:00:16.754256
635	6	6	0.544	1	0:00:16.757982
640	5	3	0.918	0	0:00:16.655112
645	1	1	0.247	1	0:00:16.769844
650	3	3	1.19	1	0:00:16.818193
655	2	4	0.581	0	0:00:16.823066
660	9	9	0.824	1	0:00:16.855062
665	8	8	0.781	1	0:00:16.904257
670	6	6	1.13	1	0:00:16.944580
675	0	0	0.153	1	0:00:16.967073
680	9	9	0.117	1	0:00:16.991837
685	6	-1	0.0	0	0:00:17.000118
690	3	-1	0.0	0	0:00:17.029974
695	3	4	0.624	0	0:00:17.037601
700	7	7	0.788	1	0:00:17.023999
705	4	4	0.418	1	0:00:17.020225
710	6	2	0.761	0	0:00:17.040777
715	3	3	0.122	1	0:00:17.043371
720	4	-1	0.0	0	0:00:17.042500
725	2	-1	0.0	0	0:00:17.050880
730	4	3	0.222	0	0:00:17.028366
735	4	2	0.118	0	0:00:17.024151
740	2	-1	0.0	0	0:00:17.029003
745	7	7	0.644	1	0:00:17.017693
750	9	9	0.942	1	0:00:17.050908
755	2	4	0.496	0	0:00:17.069689
760	3	3	0.185	1	0:00:17.057381
765	2	2	0.885	1	0:00:17.021346
770	6	5	0.042	0	0:00:17.024625
775	2	4	0.184	0	0:00:17.029374
780	9	9	0.36	1	0:00:17.021270
785	0	0	0.43	1	0:00:17.015929
790	3	0	1.91	0	0:00:17.038067
795	7	7	0.366	1	0:00:17.012674
800	7	7	1.91	1	0:00:17.008133
805	4	-1	0.0	0	0:00:17.029221
810	5	3	0.736	0	0:00:17.035868
815	8	8	0.939	1	0:00:17.041579
820	6	-1	0.0	0	0:00:17.029410
825	3	6	0.106	0	0:00:17.026573
830	1	1	0.838	1	0:00:17.033524
835	4	3	0.0509	0	0:00:17.045342
840	7	7	1.73	1	0:00:17.019216
845	3	2	0.378	0	0:00:17.035086
850	7	3	0.0444	0	0:00:17.019568
855	7	7	1.12	1	0:00:17.023761
860	4	4	0.398	1	0:00:17.019593
865	1	1	0.922	1	0:00:17.017873
870	3	6	0.0121	0	0:00:17.078523
875	8	8	0.926	1	0:00:17.060369
880	8	8	1.28	1	0:00:17.011053
885	0	0	0.992	1	0:00:17.014781
890	4	4	0.128	1	0:00:17.012011
895	1	1	0.814	1	0:00:17.017896
900	2	2	0.0843	1	0:00:17.028886
905	7	-1	0.0	0	0:00:17.011142
910	5	5	0.127	1	0:00:17.018827
915	1	1	0.856	1	0:00:17.019663
920	6	6	0.338	1	0:00:17.020483
925	5	3	1.81	0	0:00:17.014690
930	4	4	0.352	1	0:00:17.067142
935	2	2	1.55	1	0:00:17.069018
940	9	9	1.26	1	0:00:17.022229
945	3	3	0.475	1	0:00:17.004367
950	3	3	0.0604	1	0:00:17.006968
955	7	7	1.39	1	0:00:17.024104
960	9	9	1.09	1	0:00:17.011131
965	6	-1	0.0	0	0:00:17.016765
970	9	9	0.825	1	0:00:17.022292
975	0	0	1.58	1	0:00:17.031769
980	2	6	0.136	0	0:00:17.020545
985	8	8	1.81	1	0:00:17.029030
990	1	1	0.557	1	0:00:17.042459
995	3	-1	0.0	0	0:00:17.060443
1000	5	5	1.33	1	0:00:17.019656
1005	1	1	0.626	1	0:00:17.024043
1010	0	0	1.77	1	0:00:16.999424
1015	4	6	0.248	0	0:00:17.007671
1020	1	1	1.47	1	0:00:17.022878
1025	5	5	0.522	1	0:00:17.027270
1030	3	3	0.241	1	0:00:17.024378
1035	6	2	0.0694	0	0:00:17.027429
1040	7	5	0.777	0	0:00:17.041564
1045	5	3	0.391	0	0:00:17.036532
1050	3	0	0.317	0	0:00:17.076088
1055	5	5	0.678	1	0:00:17.043971
1060	9	9	1.46	1	0:00:17.032812
1065	3	9	0.161	0	0:00:17.007385
1070	3	3	0.563	1	0:00:17.018957
1075	8	8	0.446	1	0:00:17.026473
1080	6	6	0.542	1	0:00:17.013356
1085	4	4	0.937	1	0:00:17.016235
1090	0	0	0.837	1	0:00:17.020273
1095	2	2	0.629	1	0:00:17.015818
1100	7	-1	0.0	0	0:00:17.016762
1105	4	3	0.616	0	0:00:17.022331
1110	2	2	1.91	1	0:00:17.054292
1115	1	1	0.513	1	0:00:17.071693
1120	5	5	0.0354	1	0:00:17.024925
1125	6	6	0.985	1	0:00:17.025178
1130	7	-1	0.0	0	0:00:17.016017
1135	6	6	0.638	1	0:00:17.024405
1140	6	6	0.373	1	0:00:17.016168
1145	4	-1	0.0	0	0:00:17.029053
1150	2	7	0.464	0	0:00:17.012182
1155	9	9	0.352	1	0:00:17.022731
1160	8	8	0.0953	1	0:00:17.020938
1165	0	0	1.11	1	0:00:17.007795
1170	7	7	0.758	1	0:00:17.039877
1175	9	9	0.999	1	0:00:17.048882
1180	3	3	0.982	1	0:00:17.021389
1185	1	8	0.151	0	0:00:17.023028
1190	1	1	1.09	1	0:00:17.027184
1195	6	6	1.5	1	0:00:17.022647
1200	8	8	0.441	1	0:00:17.021477
1205	8	8	0.789	1	0:00:17.022744
1210	0	0	0.908	1	0:00:17.018194
1215	7	7	1.35	1	0:00:17.019859
1220	9	-1	0.0	0	0:00:17.014110
1225	6	6	0.837	1	0:00:17.007477
1230	5	3	0.26	0	0:00:17.035742
1235	5	-1	0.0	0	0:00:17.044665
1240	2	6	0.867	0	0:00:17.015468
1245	6	6	0.372	1	0:00:17.034229
1250	7	7	0.882	1	0:00:17.020390
1255	4	4	0.355	1	0:00:17.015234
1260	1	9	0.423	0	0:00:17.008416
1265	9	1	0.619	0	0:00:17.026054
1270	1	1	0.1	1	0:00:17.031176
1275	3	3	0.377	1	0:00:17.026943
1280	3	3	0.099	1	0:00:17.014115
1285	9	9	0.273	1	0:00:17.016558
1290	5	5	0.719	1	0:00:17.076380
1295	0	0	1.39	1	0:00:17.063294
1300	4	3	0.619	0	0:00:17.017629
1305	9	9	1.05	1	0:00:17.020797
1310	0	0	1.75	1	0:00:17.014353
1315	4	2	0.162	0	0:00:17.004186
1320	7	-1	0.0	0	0:00:16.997369
1325	2	2	0.152	1	0:00:17.024545
1330	2	3	0.103	0	0:00:17.037399
1335	1	1	1.46	1	0:00:17.027105
1340	1	1	1.32	1	0:00:17.021734
1345	4	2	0.115	0	0:00:17.020194
1350	4	6	0.101	0	0:00:17.046626
1355	5	6	0.385	0	0:00:17.038413
1360	7	7	0.938	1	0:00:17.030963
1365	0	0	1.37	1	0:00:17.031350
1370	9	9	0.971	1	0:00:17.013049
1375	4	4	1.58	1	0:00:17.034910
1380	4	5	0.316	0	0:00:17.014185
1385	5	5	0.496	1	0:00:17.028590
1390	6	6	0.917	1	0:00:17.034408
1395	3	-1	0.0	0	0:00:17.029753
1400	5	3	0.35	0	0:00:17.029622
1405	1	1	0.124	1	0:00:17.033810
1410	1	1	1.77	1	0:00:17.046692
1415	7	7	1.09	1	0:00:17.058781
1420	4	7	0.0874	0	0:00:17.039735
1425	4	4	0.104	1	0:00:17.020778
1430	8	8	0.427	1	0:00:17.012508
1435	1	1	1.69	1	0:00:17.032411
1440	0	0	0.134	1	0:00:17.017474
1445	3	3	0.257	1	0:00:17.008755
1450	2	2	0.691	1	0:00:17.033563
1455	6	6	1.02	1	0:00:17.022433
1460	6	6	0.973	1	0:00:17.026323
1465	9	9	0.0737	1	0:00:17.014672
1470	7	-1	0.0	0	0:00:17.044585
1475	9	9	1.13	1	0:00:17.036940
1480	1	1	0.337	1	0:00:17.020570
1485	0	0	0.432	1	0:00:17.005874
1490	8	8	1.7	1	0:00:17.001969
1495	2	0	0.168	0	0:00:17.007266
1500	1	1	0.927	1	0:00:17.016066
1505	2	-1	0.0	0	0:00:17.016874
1510	8	4	0.0171	0	0:00:17.019962
1515	2	2	0.948	1	0:00:17.019171
1520	7	7	0.869	1	0:00:17.024869
1525	3	-1	0.0	0	0:00:17.005676
1530	3	9	0.211	0	0:00:17.064703
1535	4	2	0.622	0	0:00:17.048097
1540	8	8	1.36	1	0:00:17.025057
1545	1	1	0.093	1	0:00:17.023077
1550	6	6	0.47	1	0:00:17.019890
1555	0	0	0.98	1	0:00:17.008540
1560	7	7	1.91	1	0:00:17.016816
1565	6	6	0.364	1	0:00:17.021287
1570	4	4	0.09	1	0:00:17.019982
1575	2	2	0.0692	1	0:00:17.021596
1580	6	1	0.1	0	0:00:17.030760
1585	7	7	1.87	1	0:00:17.013817
1590	4	-1	0.0	0	0:00:17.058599
1595	3	5	1.01	0	0:00:17.059886
1600	8	9	0.118	0	0:00:17.031634
1605	3	2	0.594	0	0:00:17.033814
1610	2	0	0.184	0	0:00:17.009319
1615	7	7	0.841	1	0:00:17.026092
1620	5	-1	0.0	0	0:00:17.037711
1625	3	3	0.398	1	0:00:17.049125
1630	9	9	0.922	1	0:00:17.030940
1635	7	7	1.01	1	0:00:17.024812
1640	7	3	0.42	0	0:00:17.011383
1645	4	4	0.545	1	0:00:17.018837
1650	5	5	1.8	1	0:00:17.050014
1655	8	8	1.25	1	0:00:17.044082
1660	3	3	0.0619	1	0:00:17.027903
1665	6	6	1.31	1	0:00:17.014673
1670	6	4	0.312	0	0:00:17.005490
1675	5	-1	0.0	0	0:00:17.020967
1680	6	6	0.866	1	0:00:17.014637
1685	8	-1	0.0	0	0:00:17.017371
1690	2	0	0.0114	0	0:00:17.018246
1695	9	9	0.443	1	0:00:17.012670
1700	5	5	0.0391	1	0:00:17.014277
1705	0	0	1.91	1	0:00:17.024916
1710	4	4	0.165	1	0:00:17.031224
1715	3	-1	0.0	0	0:00:17.066499
1720	4	4	0.0695	1	0:00:17.034580
1725	0	0	1.76	1	0:00:16.989936
1730	4	0	0.101	0	0:00:16.828567
1735	0	0	0.343	1	0:00:16.856485
1740	1	1	0.492	1	0:00:16.915144
1745	5	5	0.741	1	0:00:16.912153
1750	8	8	0.482	1	0:00:16.919092
1755	7	7	0.657	1	0:00:16.816428
1760	0	0	0.562	1	0:00:16.768228
1765	4	-1	0.0	0	0:00:16.884574
1770	7	7	0.761	1	0:00:16.881820
1775	3	3	0.792	1	0:00:16.928200
1780	7	7	0.684	1	0:00:16.916879
1785	0	0	0.0482	1	0:00:16.916947
1790	7	5	0.54	0	0:00:16.928330
1795	6	6	0.306	1	0:00:16.970383
1800	4	-1	0.0	0	0:00:16.988714
1805	8	8	0.711	1	0:00:16.991614
1810	1	1	0.924	1	0:00:17.004199
1815	9	9	1.14	1	0:00:16.999920
1820	8	8	0.446	1	0:00:17.014207
1825	2	2	1.72	1	0:00:17.015825
1830	3	2	0.398	0	0:00:17.043051
1835	0	4	0.457	0	0:00:17.039837
1840	8	-1	0.0	0	0:00:17.031634
1845	7	-1	0.0	0	0:00:17.013864
1850	1	3	0.261	0	0:00:17.023443
1855	5	5	0.122	1	0:00:17.016372
1860	8	8	1.12	1	0:00:17.007958
1865	7	7	0.59	1	0:00:17.039591
1870	2	2	1.5	1	0:00:17.016509
1875	0	0	1.8	1	0:00:17.020435
1880	1	1	1.01	1	0:00:17.012365
1885	5	5	1.11	1	0:00:17.022118
1890	6	6	0.216	1	0:00:17.030171
1895	8	-1	0.0	0	0:00:17.044099
1900	8	8	1.64	1	0:00:17.021657
1905	3	2	0.025	0	0:00:17.011767
1910	4	4	0.67	1	0:00:16.993736
1915	9	9	1.51	1	0:00:17.016242
1920	2	2	1.02	1	0:00:17.015622
1925	1	1	0.8	1	0:00:17.005019
1930	1	1	0.47	1	0:00:17.013223
1935	6	2	0.258	0	0:00:17.021949
1940	5	-1	0.0	0	0:00:17.014395
1945	4	4	0.504	1	0:00:17.007684
1950	5	-1	0.0	0	0:00:17.054795
1955	2	7	0.478	0	0:00:17.041562
1960	2	5	0.33	0	0:00:17.037861
1965	0	0	0.811	1	0:00:17.016962
1970	1	1	1.1	1	0:00:17.033483
1975	6	-1	0.0	0	0:00:17.017604
1980	9	9	1.58	1	0:00:17.020622
1985	6	-1	0.0	0	0:00:17.028097
1990	4	-1	0.0	0	0:00:17.021383
1995	2	2	0.488	1	0:00:17.023590
2000	1	1	0.105	1	0:00:17.007869
2005	5	5	0.359	1	0:00:17.019827
2010	7	5	0.305	0	0:00:17.024776
2015	4	4	0.0958	1	0:00:17.058348
2020	9	9	1.41	1	0:00:17.017892
2025	4	-1	0.0	0	0:00:17.008219
2030	4	-1	0.0	0	0:00:17.009116
2035	6	6	0.015	1	0:00:17.019186
2040	0	0	0.661	1	0:00:17.028277
2045	1	1	0.289	1	0:00:16.861794
2050	8	8	0.841	1	0:00:16.870655
2055	5	5	0.372	1	0:00:16.933018
2060	5	3	0.607	0	0:00:16.924588
2065	2	6	0.154	0	0:00:16.909532
2070	2	4	0.181	0	0:00:16.950569
2075	4	7	0.165	0	0:00:16.973236
2080	1	1	0.272	1	0:00:16.988359
2085	0	0	0.204	1	0:00:16.993009
2090	2	2	0.94	1	0:00:16.997190
2095	0	0	0.313	1	0:00:16.986510
2100	2	2	0.604	1	0:00:17.017573
2105	6	6	0.554	1	0:00:17.001304
2110	0	0	0.425	1	0:00:17.012141
2115	5	5	0.186	1	0:00:17.014359
2120	4	8	0.385	0	0:00:17.015863
2125	1	1	0.114	1	0:00:17.016449
2130	0	0	0.6	1	0:00:17.054856
2135	8	8	1.49	1	0:00:17.051646
2140	9	9	1.23	1	0:00:17.017813
2145	7	4	0.418	0	0:00:17.020900
2150	9	9	0.34	1	0:00:17.026418
2155	9	0	0.0081	0	0:00:17.011081
2160	0	0	0.326	1	0:00:17.018920
2165	2	0	0.98	0	0:00:17.031783
2170	2	2	1.18	1	0:00:17.031789
2175	3	5	0.119	0	0:00:17.016209
2180	4	4	0.792	1	0:00:17.036360
2185	0	0	0.411	1	0:00:17.028487
2190	9	9	0.309	1	0:00:17.047755
2195	4	-1	0.0	0	0:00:17.066628
2200	0	-1	0.0	0	0:00:17.049352
2205	5	5	0.242	1	0:00:16.848023
2210	2	2	0.398	1	0:00:16.958690
2215	0	0	0.0569	1	0:00:16.944130
2220	1	1	1.64	1	0:00:16.929309
2225	7	7	1.65	1	0:00:16.953867
2230	3	3	0.712	1	0:00:16.976420
2235	2	2	1.37	1	0:00:16.909084
2240	9	-1	0.0	0	0:00:16.981650
2245	8	8	0.243	1	0:00:16.988322
2250	7	7	0.0771	1	0:00:16.985962
2255	1	8	0.12	0	0:00:17.003423
2260	4	4	0.841	1	0:00:17.016953
2265	8	8	1.38	1	0:00:16.992468
2270	2	2	0.286	1	0:00:16.934972
2275	6	-1	0.0	0	0:00:16.810005
2280	4	-1	0.0	0	0:00:16.737655
2285	3	-1	0.0	0	0:00:16.677757
2290	9	9	0.901	1	0:00:16.628888
2295	8	8	0.495	1	0:00:16.561455
2300	3	-1	0.0	0	0:00:16.521841
2305	9	3	0.0978	0	0:00:16.486772
2310	6	-1	0.0	0	0:00:16.488657
2315	2	2	0.161	1	0:00:16.475228
2320	5	2	0.684	0	0:00:16.441379
2325	7	3	0.46	0	0:00:16.413230
2330	0	0	0.768	1	0:00:16.395945
2335	5	3	0.189	0	0:00:16.389483
2340	7	7	1.71	1	0:00:16.369412
2345	1	1	1.25	1	0:00:16.379453
2350	3	-1	0.0	0	0:00:16.391441
2355	9	-1	0.0	0	0:00:16.530761
2360	7	7	0.151	1	0:00:16.583975
2365	7	7	0.0426	1	0:00:16.663320
2370	0	0	0.785	1	0:00:16.720513
2375	0	0	0.327	1	0:00:16.788910
2380	8	8	1.0	1	0:00:16.859390
2385	4	-1	0.0	0	0:00:16.874619
2390	1	1	0.0323	1	0:00:16.891392
2395	7	-1	0.0	0	0:00:16.820863
2400	0	0	0.819	1	0:00:16.924360
2405	3	6	1.83	0	0:00:16.926559
2410	3	3	1.17	1	0:00:16.951519
2415	6	3	0.242	0	0:00:16.978148
2420	8	-1	0.0	0	0:00:17.006265
2425	0	-1	0.0	0	0:00:17.010082
2430	7	7	0.574	1	0:00:17.008357
2435	6	-1	0.0	0	0:00:16.928985
2440	7	7	0.622	1	0:00:17.006902
2445	6	6	1.49	1	0:00:16.991444
2450	1	1	1.45	1	0:00:16.979753
2455	6	6	0.345	1	0:00:16.997912
2460	9	-1	0.0	0	0:00:17.019155
2465	9	9	0.852	1	0:00:17.014268
2470	7	7	1.55	1	0:00:17.024814
2475	6	6	1.43	1	0:00:17.028748
2480	8	8	1.18	1	0:00:17.026991
2485	6	6	1.44	1	0:00:17.032607
2490	0	0	0.0819	1	0:00:17.029783
2495	9	8	1.43	0	0:00:17.059206
2500	4	4	0.0616	1	0:00:17.049254
2505	7	7	0.00134	1	0:00:17.035626
2510	4	4	0.0818	1	0:00:17.023836
2515	2	6	0.383	0	0:00:17.026138
2520	1	1	0.598	1	0:00:17.055010
2525	5	2	0.5	0	0:00:17.025778
2530	6	6	0.443	1	0:00:17.021375
2535	0	-1	0.0	0	0:00:17.052337
2540	2	-1	0.0	0	0:00:17.034811
2545	4	7	0.115	0	0:00:17.028994
2550	4	-1	0.0	0	0:00:17.008268
2555	7	9	0.395	0	0:00:17.056195
2560	7	7	0.361	1	0:00:17.066996
2565	3	3	0.0916	1	0:00:17.032632
2570	0	-1	0.0	0	0:00:17.009132
2575	5	4	0.585	0	0:00:17.018885
2580	6	-1	0.0	0	0:00:17.011070
2585	3	-1	0.0	0	0:00:17.026202
2590	5	3	0.254	0	0:00:17.027719
2595	4	4	0.0976	1	0:00:17.023691
2600	8	8	1.44	1	0:00:17.027667
2605	4	7	0.169	0	0:00:17.015151
2610	2	2	1.57	1	0:00:17.002811
2615	7	7	0.867	1	0:00:17.043283
2620	1	1	0.436	1	0:00:17.041747
2625	2	2	1.01	1	0:00:17.019739
2630	2	2	0.00185	1	0:00:16.998156
2635	6	-1	0.0	0	0:00:17.000564
2640	7	7	1.15	1	0:00:16.992157
2645	1	1	1.84	1	0:00:16.990811
2650	5	9	0.377	0	0:00:16.993130
2655	4	0	0.687	0	0:00:16.993170
2660	3	5	0.053	0	0:00:16.992226
2665	1	1	1.65	1	0:00:16.992358
2670	9	8	0.0732	0	0:00:16.990011
2675	2	2	0.107	1	0:00:16.993104
2680	0	0	1.81	1	0:00:16.883095
2685	2	4	0.685	0	0:00:16.798169
2690	2	6	0.0834	0	0:00:16.723255
2695	2	2	0.223	1	0:00:16.642501
2700	9	9	0.445	1	0:00:16.581542
2705	8	0	0.513	0	0:00:16.545133
2710	7	7	1.69	1	0:00:16.527344
2715	0	0	1.17	1	0:00:16.481051
2720	3	3	0.568	1	0:00:16.455852
2725	8	8	0.706	1	0:00:16.428831
2730	6	6	0.612	1	0:00:16.409650
2735	2	-1	0.0	0	0:00:16.384253
2740	1	1	0.848	1	0:00:16.389308
2745	8	8	1.87	1	0:00:16.375573
2750	5	5	1.87	1	0:00:16.382478
2755	5	7	0.221	0	0:00:16.386184
2760	2	2	0.643	1	0:00:16.356861
2765	9	9	0.314	1	0:00:16.361216
2770	7	-1	0.0	0	0:00:16.343137
2775	3	3	0.8	1	0:00:16.351673
2780	7	7	1.59	1	0:00:16.343053
2785	4	-1	0.0	0	0:00:16.354033
2790	8	8	1.67	1	0:00:16.338893
2795	3	3	1.09	1	0:00:16.336246
2800	4	4	0.104	1	0:00:16.332562
2805	4	4	0.522	1	0:00:16.331192
2810	9	7	0.263	0	0:00:16.339606
2815	3	3	0.547	1	0:00:16.347127
2820	6	6	1.23	1	0:00:16.345939
2825	2	6	0.171	0	0:00:16.344338
2830	6	6	1.12	1	0:00:16.334666
2835	4	-1	0.0	0	0:00:16.350351
2840	3	3	1.91	1	0:00:16.344917
2845	5	6	0.438	0	0:00:16.354622
2850	5	5	1.71	1	0:00:16.338594
2855	3	4	0.0727	0	0:00:16.337443
2860	5	-1	0.0	0	0:00:16.346852
2865	6	6	0.783	1	0:00:16.350156
2870	8	8	0.342	1	0:00:16.357732
2875	1	-1	0.0	0	0:00:16.345203
2880	4	4	1.38	1	0:00:16.352124
2885	5	5	1.43	1	0:00:16.363536
2890	5	5	0.385	1	0:00:16.362622
2895	7	5	1.27	0	0:00:16.363310
2900	3	5	0.0482	0	0:00:16.349366
2905	4	4	0.0273	1	0:00:16.353232
2910	8	8	0.648	1	0:00:16.346381
2915	5	5	1.44	1	0:00:16.350768
2920	2	3	0.458	0	0:00:16.342663
2925	4	4	0.05	1	0:00:16.346049
2930	7	-1	0.0	0	0:00:16.344148
2935	8	8	0.2	1	0:00:16.352015
2940	3	0	0.8	0	0:00:16.352283
2945	7	7	0.0336	1	0:00:16.362004
2950	1	1	0.118	1	0:00:16.349707
2955	2	2	0.0338	1	0:00:16.376201
2960	9	9	0.474	1	0:00:16.357341
2965	7	7	0.303	1	0:00:16.371107
2970	5	5	0.159	1	0:00:16.357457
2975	9	2	0.14	0	0:00:16.361888
2980	8	8	0.564	1	0:00:16.360685
2985	2	9	0.163	0	0:00:16.355614
2990	4	4	0.194	1	0:00:16.342820
2995	4	-1	0.0	0	0:00:16.347532
3000	5	5	1.43	1	0:00:16.350330
3005	0	0	0.107	1	0:00:16.357969
3010	6	6	0.792	1	0:00:16.346727
3015	6	6	0.727	1	0:00:16.346800
3020	1	1	0.953	1	0:00:16.344710
3025	2	6	0.0687	0	0:00:16.351165
3030	6	6	0.165	1	0:00:16.345313
3035	3	3	0.855	1	0:00:16.356498
3040	7	7	1.91	1	0:00:16.358016
3045	5	5	0.747	1	0:00:16.365818
3050	0	2	0.0234	0	0:00:16.347935
3055	9	9	1.49	1	0:00:16.354487
3060	7	7	0.881	1	0:00:16.334783
3065	3	3	0.271	1	0:00:16.359546
3070	0	0	0.909	1	0:00:16.346070
3075	6	3	0.775	0	0:00:16.349387
3080	1	1	0.363	1	0:00:16.340009
3085	2	6	0.0961	0	0:00:16.353555
3090	4	4	0.779	1	0:00:16.345054
3095	4	2	0.0749	0	0:00:16.333616
3100	0	0	0.987	1	0:00:16.331320
3105	1	1	1.07	1	0:00:16.359411
3110	7	3	0.63	0	0:00:16.350149
3115	5	-1	0.0	0	0:00:16.345287
3120	4	-1	0.0	0	0:00:16.351465
3125	3	3	0.676	1	0:00:16.343326
3130	3	3	0.474	1	0:00:16.353400
3135	7	5	0.339	0	0:00:16.348150
3140	8	8	0.718	1	0:00:16.347889
3145	9	-1	0.0	0	0:00:16.350343
3150	1	1	0.398	1	0:00:16.336930
3155	8	8	1.36	1	0:00:16.330816
3160	6	2	0.213	0	0:00:16.355040
3165	1	-1	0.0	0	0:00:16.353770
3170	9	9	0.973	1	0:00:16.359152
3175	1	1	1.03	1	0:00:16.337893
3180	3	3	0.259	1	0:00:16.359329
3185	2	-1	0.0	0	0:00:16.359283
3190	3	3	0.182	1	0:00:16.340201
3195	5	6	0.00782	0	0:00:16.348794
3200	5	7	0.0823	0	0:00:16.349505
3205	8	8	1.01	1	0:00:16.364755
3210	9	9	1.17	1	0:00:16.354548
3215	1	1	1.4	1	0:00:16.346260
3220	3	-1	0.0	0	0:00:16.350003
3225	9	9	1.29	1	0:00:16.333594
3230	3	-1	0.0	0	0:00:16.348423
3235	5	4	0.0727	0	0:00:16.345902
3240	4	-1	0.0	0	0:00:16.360006
3245	7	7	0.643	1	0:00:16.345748
3250	2	6	0.641	0	0:00:16.353270
3255	5	5	0.206	1	0:00:16.368707
3260	7	7	1.03	1	0:00:16.353693
3265	8	8	1.24	1	0:00:16.347712
3270	8	8	0.396	1	0:00:16.342309
3275	5	7	1.04	0	0:00:16.343612
3280	3	5	0.405	0	0:00:16.356179
3285	1	1	0.511	1	0:00:16.353342
3290	5	5	0.421	1	0:00:16.360885
3295	9	9	1.28	1	0:00:16.366220
3300	4	4	0.306	1	0:00:16.362529
3305	9	9	1.63	1	0:00:16.362427
3310	6	6	0.144	1	0:00:16.356022
3315	3	-1	0.0	0	0:00:16.358903
3320	2	7	1.1	0	0:00:16.353271
3325	6	-1	0.0	0	0:00:16.359056
3330	7	7	0.0254	1	0:00:16.347430
3335	0	9	0.0808	0	0:00:16.343294
3340	6	6	0.481	1	0:00:16.358529
3345	7	7	1.91	1	0:00:16.345459
3350	8	8	0.989	1	0:00:16.347948
3355	5	0	0.0846	0	0:00:16.343407
3360	4	4	0.149	1	0:00:16.342972
3365	9	9	0.975	1	0:00:16.341800
3370	1	1	0.868	1	0:00:16.339152
3375	4	-1	0.0	0	0:00:16.351791
3380	8	8	1.19	1	0:00:16.353813
3385	8	-1	0.0	0	0:00:16.348119
3390	3	5	1.03	0	0:00:16.352028
3395	9	9	1.17	1	0:00:16.358353
3400	6	4	0.501	0	0:00:16.346626
3405	7	7	1.35	1	0:00:16.352830
3410	4	4	0.87	1	0:00:16.356774
3415	7	5	0.378	0	0:00:16.363119
3420	5	3	0.153	0	0:00:16.357136
3425	0	-1	0.0	0	0:00:16.346237
3430	8	8	1.52	1	0:00:16.360714
3435	6	6	1.73	1	0:00:16.352715
3440	2	3	0.446	0	0:00:16.358332
3445	0	0	1.91	1	0:00:16.356373
3450	9	-1	0.0	0	0:00:16.351742
3455	6	6	1.02	1	0:00:16.353812
3460	1	1	0.739	1	0:00:16.365891
3465	6	6	0.497	1	0:00:16.365830
3470	7	7	0.0907	1	0:00:16.362967
3475	0	-1	0.0	0	0:00:16.347530
3480	2	2	1.77	1	0:00:16.358495
3485	1	1	0.415	1	0:00:16.354298
3490	0	8	0.871	0	0:00:16.366352
3495	2	5	0.101	0	0:00:16.365555
3500	1	1	0.411	1	0:00:16.357027
3505	4	4	0.00747	1	0:00:16.357842
3510	4	4	0.266	1	0:00:16.350794
3515	8	8	1.54	1	0:00:16.345591
3520	1	1	1.45	1	0:00:16.362346
3525	2	3	0.321	0	0:00:16.352204
3530	6	6	1.49	1	0:00:16.355289
3535	5	5	0.211	1	0:00:16.361851
3540	6	6	0.829	1	0:00:16.358673
3545	4	4	1.08	1	0:00:16.350674
3550	0	-1	0.0	0	0:00:16.349378
3555	6	6	0.00457	1	0:00:16.354357
3560	1	-1	0.0	0	0:00:16.352903
3565	1	1	1.57	1	0:00:16.352097
3570	3	3	0.626	1	0:00:16.360824
3575	3	3	0.682	1	0:00:16.358028
3580	4	4	0.0974	1	0:00:16.352564
3585	8	8	1.52	1	0:00:16.325920
3590	7	7	1.87	1	0:00:16.364077
3595	2	2	0.213	1	0:00:16.355359
3600	4	2	0.938	0	0:00:16.341567
3605	6	2	0.0285	0	0:00:16.354294
3610	5	5	0.547	1	0:00:16.344597
3615	6	7	0.00785	0	0:00:16.346159
3620	0	-1	0.0	0	0:00:16.357600
3625	8	8	0.278	1	0:00:16.341526
3630	8	8	1.37	1	0:00:16.345277
3635	4	4	0.25	1	0:00:16.352287
3640	6	2	0.472	0	0:00:16.357509
3645	1	9	0.0519	0	0:00:16.369918
3650	0	0	1.64	1	0:00:16.340139
3655	9	9	0.953	1	0:00:16.353422
3660	0	0	0.723	1	0:00:16.342508
3665	7	-1	0.0	0	0:00:16.340038
3670	9	9	0.183	1	0:00:16.355431
3675	4	4	1.28	1	0:00:16.357981
3680	0	-1	0.0	0	0:00:16.360899
3685	2	2	0.827	1	0:00:16.352853
3690	9	9	1.25	1	0:00:16.353299
3695	8	8	1.77	1	0:00:16.349759
3700	3	3	0.646	1	0:00:16.362098
3705	8	8	1.02	1	0:00:16.360504
3710	2	4	0.193	0	0:00:16.346474
3715	1	-1	0.0	0	0:00:16.359894
3720	2	2	1.36	1	0:00:16.354891
3725	2	-1	0.0	0	0:00:16.360953
3730	1	1	0.607	1	0:00:16.360267
3735	5	-1	0.0	0	0:00:16.350365
3740	0	0	0.92	1	0:00:16.363858
3745	1	1	1.75	1	0:00:16.348517
3750	9	-1	0.0	0	0:00:16.338584
3755	9	2	0.0198	0	0:00:16.354704
3760	7	7	1.27	1	0:00:16.360009
3765	0	8	0.153	0	0:00:16.352574
3770	9	9	0.949	1	0:00:16.349534
3775	6	6	1.19	1	0:00:16.348273
3780	4	4	0.216	1	0:00:16.339300
3785	6	6	0.325	1	0:00:16.352454
3790	4	2	0.0229	0	0:00:16.366031
3795	7	7	0.39	1	0:00:16.353104
3800	9	9	0.585	1	0:00:16.349174
3805	9	9	1.83	1	0:00:16.353754
3810	3	3	0.123	1	0:00:16.359474
3815	2	4	0.0874	0	0:00:16.356707
3820	0	0	0.00209	1	0:00:16.357491
3825	0	0	1.8	1	0:00:16.339705
3830	5	5	0.0606	1	0:00:16.340504
3835	3	5	0.62	0	0:00:16.355025
3840	6	3	0.434	0	0:00:16.354232
3845	0	0	1.09	1	0:00:16.347000
3850	9	9	0.916	1	0:00:16.358779
3855	1	1	1.42	1	0:00:16.359560
3860	7	7	1.84	1	0:00:16.358039
3865	7	7	0.994	1	0:00:16.354175
3870	8	8	0.0363	1	0:00:16.342830
3875	2	2	0.901	1	0:00:16.354628
3880	6	-1	0.0	0	0:00:16.343679
3885	6	6	0.193	1	0:00:16.355726
3890	7	7	0.918	1	0:00:16.365692
3895	1	1	0.402	1	0:00:16.361754
3900	3	6	0.533	0	0:00:16.345623
3905	2	2	0.493	1	0:00:16.357973
3910	4	7	0.0819	0	0:00:16.363868
3915	4	-1	0.0	0	0:00:16.361974
3920	7	-1	0.0	0	0:00:16.359851
3925	1	1	1.04	1	0:00:16.353286
3930	1	1	0.807	1	0:00:16.366184
3935	4	7	0.114	0	0:00:16.358644
3940	6	-1	0.0	0	0:00:16.362443
3945	5	2	0.0113	0	0:00:16.357747
3950	8	8	0.876	1	0:00:16.356263
3955	0	0	1.32	1	0:00:16.350856
3960	2	2	1.1	1	0:00:16.357584
3965	0	0	0.98	1	0:00:16.344845
3970	9	-1	0.0	0	0:00:16.352910
3975	7	7	1.03	1	0:00:16.356546
3980	9	9	0.25	1	0:00:16.352662
3985	7	7	0.797	1	0:00:16.346832
3990	4	2	0.0928	0	0:00:16.349079
3995	7	-1	0.0	0	0:00:16.355854
4000	8	-1	0.0	0	0:00:16.359390
4005	5	5	0.365	1	0:00:16.344526
4010	7	7	0.111	1	0:00:16.348994
4015	1	1	1.51	1	0:00:16.349983
4020	8	8	0.393	1	0:00:16.350094
4025	1	1	0.693	1	0:00:16.355385
4030	1	1	0.553	1	0:00:16.358509
4035	2	2	0.816	1	0:00:16.364776
4040	0	0	1.84	1	0:00:16.345995
4045	7	7	0.765	1	0:00:16.341056
4050	3	-1	0.0	0	0:00:16.342186
4055	1	-1	0.0	0	0:00:16.336765
4060	6	6	0.228	1	0:00:16.359771
4065	4	4	0.2	1	0:00:16.358612
4070	9	9	0.851	1	0:00:16.343397
4075	2	2	0.791	1	0:00:16.345156
4080	1	1	0.822	1	0:00:16.351106
4085	8	-1	0.0	0	0:00:16.363441
4090	4	-1	0.0	0	0:00:16.367630
4095	8	8	0.489	1	0:00:16.359331
4100	7	7	1.91	1	0:00:16.361735
4105	7	7	0.537	1	0:00:16.355139
4110	2	2	0.794	1	0:00:16.355673
4115	8	9	0.442	0	0:00:16.348028
4120	4	4	0.785	1	0:00:16.349739
4125	8	-1	0.0	0	0:00:16.353783
4130	6	6	1.05	1	0:00:16.357033
4135	1	-1	0.0	0	0:00:16.344982
4140	5	5	0.784	1	0:00:16.344609
4145	8	8	1.64	1	0:00:16.343057
4150	6	6	0.839	1	0:00:16.359500
4155	3	3	1.0	1	0:00:16.353391
4160	5	-1	0.0	0	0:00:16.339594
4165	8	8	0.227	1	0:00:16.349214
4170	1	1	0.0832	1	0:00:16.356669
4175	3	-1	0.0	0	0:00:16.363101
4180	0	0	0.0812	1	0:00:16.359148
4185	7	7	0.827	1	0:00:16.352187
4190	3	7	0.0353	0	0:00:16.369249
4195	3	3	1.42	1	0:00:16.353153
4200	4	2	0.0211	0	0:00:16.360750
4205	4	4	0.121	1	0:00:16.348785
4210	3	-1	0.0	0	0:00:16.348362
4215	1	1	0.663	1	0:00:16.361819
4220	4	0	1.08	0	0:00:16.350731
4225	5	5	0.744	1	0:00:16.340813
4230	6	6	0.211	1	0:00:16.350231
4235	9	9	1.84	1	0:00:16.343160
4240	7	0	0.375	0	0:00:16.341117
4245	1	1	0.516	1	0:00:16.356147
4250	1	-1	0.0	0	0:00:16.333823
4255	9	9	0.174	1	0:00:16.342204
4260	8	8	1.2	1	0:00:16.329753
4265	6	6	0.3	1	0:00:16.341954
4270	0	0	0.547	1	0:00:16.348516
4275	5	5	0.417	1	0:00:16.344925
4280	8	-1	0.0	0	0:00:16.343838
4285	1	3	0.124	0	0:00:16.342702
4290	2	2	0.0916	1	0:00:16.347427
4295	0	0	1.54	1	0:00:16.340431
4300	8	8	1.03	1	0:00:16.351946
4305	0	0	1.77	1	0:00:16.339825
4310	4	7	0.479	0	0:00:16.349088
4315	6	2	0.0108	0	0:00:16.351078
4320	1	-1	0.0	0	0:00:16.345025
4325	6	6	0.195	1	0:00:16.354255
4330	9	9	1.91	1	0:00:16.363446
4335	9	9	0.695	1	0:00:16.342818
4340	0	0	0.915	1	0:00:16.366655
4345	6	2	0.0532	0	0:00:16.360236
4350	4	4	0.78	1	0:00:16.364273
4355	0	3	0.145	0	0:00:16.358811
4360	6	9	0.0706	0	0:00:16.362682
4365	9	9	0.721	1	0:00:16.361216
4370	8	8	1.91	1	0:00:16.356207
4375	3	5	0.0669	0	0:00:16.353781
4380	9	9	0.513	1	0:00:16.357375
4385	8	8	0.209	1	0:00:16.354397
4390	5	5	1.36	1	0:00:16.358401
4395	7	7	1.68	1	0:00:16.355041
4400	3	-1	0.0	0	0:00:16.350434
4405	6	6	0.947	1	0:00:16.359514
4410	9	-1	0.0	0	0:00:16.355781
4415	0	0	1.11	1	0:00:16.349229
4420	5	5	0.286	1	0:00:16.364550
4425	1	1	0.9	1	0:00:16.362201
4430	1	1	0.878	1	0:00:16.351625
4435	3	3	0.237	1	0:00:16.343538
4440	2	2	0.352	1	0:00:16.340629
4445	9	1	0.231	0	0:00:16.364076
4450	0	0	0.135	1	0:00:16.369376
4455	8	8	1.39	1	0:00:16.358554
4460	9	9	0.357	1	0:00:16.356823
4465	6	6	0.119	1	0:00:16.359946
4470	0	0	0.358	1	0:00:16.352968
4475	1	1	1.3	1	0:00:16.343830
4480	9	9	1.4	1	0:00:16.361890
4485	3	7	0.449	0	0:00:16.358321
4490	0	0	0.395	1	0:00:16.365640
4495	3	3	0.276	1	0:00:16.361665
4500	3	5	0.396	0	0:00:16.375929
4505	4	4	1.28	1	0:00:16.364768
4510	0	0	1.05	1	0:00:16.357910
4515	0	0	1.8	1	0:00:16.358611
4520	3	6	0.249	0	0:00:16.356761
4525	0	0	0.509	1	0:00:16.352192
4530	5	5	0.422	1	0:00:16.350298
4535	2	2	0.702	1	0:00:16.345229
4540	9	9	1.51	1	0:00:16.332451
4545	3	3	0.381	1	0:00:16.353978
4550	9	3	0.423	0	0:00:16.351986
4555	5	-1	0.0	0	0:00:16.358735
4560	1	1	1.1	1	0:00:16.361146
4565	2	4	0.811	0	0:00:16.359374
4570	9	9	0.297	1	0:00:16.363492
4575	6	6	0.536	1	0:00:16.367053
4580	6	6	0.0485	1	0:00:16.363748
4585	8	0	0.18	0	0:00:16.357478
4590	9	2	0.727	0	0:00:16.361473
4595	9	-1	0.0	0	0:00:16.369986
4600	4	7	0.112	0	0:00:16.362811
4605	3	3	0.255	1	0:00:16.360945
4610	6	6	0.239	1	0:00:16.347655
4615	5	4	0.162	0	0:00:16.365483
4620	7	3	0.214	0	0:00:16.358570
4625	4	-1	0.0	0	0:00:16.358357
4630	2	2	0.328	1	0:00:16.351822
4635	7	7	0.498	1	0:00:16.349143
4640	2	2	0.302	1	0:00:16.348838
4645	4	4	0.15	1	0:00:16.334152
4650	6	6	0.215	1	0:00:16.332515
4655	7	5	1.11	0	0:00:16.349366
4660	7	7	0.129	1	0:00:16.358593
4665	3	3	0.0529	1	0:00:16.357367
4670	8	8	1.25	1	0:00:16.352717
4675	4	4	0.792	1	0:00:16.346254
4680	9	-1	0.0	0	0:00:16.340108
4685	4	-1	0.0	0	0:00:16.344033
4690	2	-1	0.0	0	0:00:16.346597
4695	8	8	0.659	1	0:00:16.360050
4700	6	-1	0.0	0	0:00:16.347737
4705	3	-1	0.0	0	0:00:16.352394
4710	3	-1	0.0	0	0:00:16.356536
4715	9	9	0.37	1	0:00:16.347618
4720	8	8	0.167	1	0:00:16.353374
4725	9	9	0.937	1	0:00:16.351760
4730	2	-1	0.0	0	0:00:16.354324
4735	8	8	0.535	1	0:00:16.344633
4740	5	3	0.613	0	0:00:16.358957
4745	7	0	0.0982	0	0:00:16.350016
4750	7	-1	0.0	0	0:00:16.347583
4755	1	1	0.812	1	0:00:16.349412
4760	3	-1	0.0	0	0:00:16.379808
4765	3	3	0.138	1	0:00:16.346714
4770	9	9	0.106	1	0:00:16.349449
4775	2	3	0.437	0	0:00:16.358456
4780	0	0	0.781	1	0:00:16.356974
4785	3	3	0.494	1	0:00:16.343122
4790	1	9	0.169	0	0:00:16.348228
4795	5	3	0.543	0	0:00:16.353480
4800	9	9	1.91	1	0:00:16.339828
4805	5	3	0.937	0	0:00:16.352318
4810	5	5	1.03	1	0:00:16.350366
4815	9	9	0.597	1	0:00:16.351537
4820	3	3	0.947	1	0:00:16.363528
4825	7	-1	0.0	0	0:00:16.350945
4830	3	5	0.24	0	0:00:16.345917
4835	9	9	1.58	1	0:00:16.370978
4840	0	0	1.66	1	0:00:16.348612
4845	3	3	0.315	1	0:00:16.361995
4850	1	9	0.591	0	0:00:16.340190
4855	1	1	0.438	1	0:00:16.345363
4860	5	5	0.843	1	0:00:16.344722
4865	8	9	0.387	0	0:00:16.346907
4870	8	8	0.61	1	0:00:16.347680
4875	1	1	1.25	1	0:00:16.353518
4880	0	-1	0.0	0	0:00:16.339283
4885	2	2	0.151	1	0:00:16.354693
4890	1	1	1.01	1	0:00:16.350171
4895	1	1	1.0	1	0:00:16.354305
4900	3	-1	0.0	0	0:00:16.352982
4905	7	7	1.91	1	0:00:16.351740
4910	8	8	0.188	1	0:00:16.351561
4915	5	5	1.7	1	0:00:16.354741
4920	7	7	1.41	1	0:00:16.363679
4925	5	3	0.0495	0	0:00:16.355791
4930	1	1	0.524	1	0:00:16.348374
4935	5	5	0.939	1	0:00:16.349171
4940	6	6	0.161	1	0:00:16.363653
4945	9	1	0.393	0	0:00:16.366219
4950	2	2	1.1	1	0:00:16.361715
4955	2	8	0.134	0	0:00:16.352701
4960	4	3	0.0896	0	0:00:16.356641
4965	3	6	0.0943	0	0:00:16.349960
4970	2	3	0.284	0	0:00:16.347802
4975	3	3	0.0421	1	0:00:16.351264
4980	1	9	0.547	0	0:00:16.367498
4985	4	4	0.109	1	0:00:16.351954
4990	7	5	0.0358	0	0:00:16.351697
4995	2	3	0.589	0	0:00:16.347831
5000	7	7	1.91	1	0:00:16.366016
5005	5	-1	0.0	0	0:00:16.350242
5010	7	7	1.41	1	0:00:16.347526
5015	2	2	1.08	1	0:00:16.351496
5020	8	8	1.34	1	0:00:16.350290
5025	5	5	0.034	1	0:00:16.346241
5030	4	4	0.649	1	0:00:16.347894
5035	5	5	1.23	1	0:00:16.345477
5040	3	3	0.0372	1	0:00:16.351159
5045	7	7	0.89	1	0:00:16.355223
5050	3	6	0.231	0	0:00:16.369697
5055	0	0	1.91	1	0:00:16.351875
5060	6	6	0.199	1	0:00:16.344578
5065	0	0	0.846	1	0:00:16.362132
5070	7	-1	0.0	0	0:00:16.360480
5075	6	-1	0.0	0	0:00:16.350998
5080	7	7	1.36	1	0:00:16.344851
5085	2	-1	0.0	0	0:00:16.342675
5090	1	1	0.254	1	0:00:16.344993
5095	8	8	0.425	1	0:00:16.347052
5100	3	3	1.34	1	0:00:16.346541
5105	7	7	0.488	1	0:00:16.357119
5110	8	8	0.908	1	0:00:16.358306
5115	5	2	0.0692	0	0:00:16.342628
5120	9	9	0.478	1	0:00:16.344356
5125	1	1	0.174	1	0:00:16.354628
5130	5	-1	0.0	0	0:00:16.355035
5135	1	1	1.02	1	0:00:16.354804
5140	8	8	0.882	1	0:00:16.360709
5145	4	4	0.573	1	0:00:16.347038
5150	4	-1	0.0	0	0:00:16.352620
5155	3	5	0.695	0	0:00:16.356355
5160	0	0	0.56	1	0:00:16.351640
5165	2	2	0.699	1	0:00:16.361526
5170	9	9	1.07	1	0:00:16.364923
5175	6	6	1.09	1	0:00:16.355487
5180	9	-1	0.0	0	0:00:16.357401
5185	3	9	0.263	0	0:00:16.350862
5190	0	0	0.468	1	0:00:16.358128
5195	4	7	0.334	0	0:00:16.360239
5200	3	3	1.31	1	0:00:16.349982
5205	8	0	0.593	0	0:00:16.348893
5210	5	5	1.04	1	0:00:16.343071
5215	2	-1	0.0	0	0:00:16.351546
5220	0	0	0.663	1	0:00:16.347987
5225	0	0	0.719	1	0:00:16.358879
5230	8	8	0.646	1	0:00:16.359085
5235	1	3	0.622	0	0:00:16.357452
5240	1	-1	0.0	0	0:00:16.364628
5245	1	1	1.84	1	0:00:16.353071
5250	7	7	0.729	1	0:00:16.361209
5255	0	0	0.863	1	0:00:16.355873
5260	0	0	1.65	1	0:00:16.379848
5265	2	2	0.508	1	0:00:16.362325
5270	1	1	0.805	1	0:00:16.361348
5275	2	-1	0.0	0	0:00:16.341327
5280	0	-1	0.0	0	0:00:16.357817
5285	1	1	0.989	1	0:00:16.368659
5290	3	5	0.507	0	0:00:16.366593
5295	0	0	0.549	1	0:00:16.360433
5300	9	9	0.598	1	0:00:16.358077
5305	7	7	0.184	1	0:00:16.367295
5310	0	0	0.723	1	0:00:16.365162
5315	9	9	1.69	1	0:00:16.358145
5320	7	7	0.944	1	0:00:16.363179
5325	8	8	0.255	1	0:00:16.347919
5330	7	3	0.503	0	0:00:16.353541
5335	9	9	0.139	1	0:00:16.353512
5340	3	4	1.02	0	0:00:16.361691
5345	4	4	0.233	1	0:00:16.368737
5350	9	9	0.798	1	0:00:16.361060
5355	8	8	1.12	1	0:00:16.358714
5360	9	9	1.12	1	0:00:16.358324
5365	8	8	0.149	1	0:00:16.360604
5370	6	6	0.543	1	0:00:16.359282
5375	1	1	0.25	1	0:00:16.356706
5380	1	9	0.457	0	0:00:16.347271
5385	2	3	0.286	0	0:00:16.358012
5390	1	1	0.975	1	0:00:16.354847
5395	0	0	0.904	1	0:00:16.350865
5400	9	9	0.958	1	0:00:16.362950
5405	2	0	1.1	0	0:00:16.363231
5410	3	-1	0.0	0	0:00:16.382074
5415	4	4	0.188	1	0:00:16.364786
5420	6	6	0.677	1	0:00:16.355953
5425	6	-1	0.0	0	0:00:16.363189
5430	7	7	0.72	1	0:00:16.356433
5435	7	4	0.434	0	0:00:16.354784
5440	9	9	1.91	1	0:00:16.347581
5445	7	7	0.902	1	0:00:16.378368
5450	5	5	0.19	1	0:00:16.365799
5455	9	-1	0.0	0	0:00:16.371135
5460	0	0	1.83	1	0:00:16.356703
5465	7	7	0.424	1	0:00:16.352599
5470	1	1	1.27	1	0:00:16.359691
5475	0	0	1.87	1	0:00:16.335072
5480	1	1	0.586	1	0:00:16.357808
5485	8	8	1.65	1	0:00:16.355775
5490	3	3	0.444	1	0:00:16.352180
5495	4	7	0.00727	0	0:00:16.357019
5500	8	8	0.472	1	0:00:16.361877
5505	4	4	0.933	1	0:00:16.353954
5510	4	4	0.247	1	0:00:16.364367
5515	4	-1	0.0	0	0:00:16.367108
5520	4	-1	0.0	0	0:00:16.353561
5525	3	3	0.109	1	0:00:16.352608
5530	3	-1	0.0	0	0:00:16.349613
5535	3	3	0.682	1	0:00:16.354596
5540	5	-1	0.0	0	0:00:16.349883
5545	6	6	1.44	1	0:00:16.356958
5550	5	5	0.279	1	0:00:16.348349
5555	4	-1	0.0	0	0:00:16.354923
5560	3	-1	0.0	0	0:00:16.353107
5565	3	4	0.565	0	0:00:16.351154
5570	5	5	1.33	1	0:00:16.344214
5575	3	-1	0.0	0	0:00:16.353145
5580	5	3	0.125	0	0:00:16.328050
5585	0	0	1.87	1	0:00:16.344430
5590	4	2	0.178	0	0:00:16.352077
5595	6	4	0.00553	0	0:00:16.357346
5600	6	-1	0.0	0	0:00:16.349484
5605	3	3	0.102	1	0:00:16.349131
5610	8	8	0.0197	1	0:00:16.349537
5615	5	5	0.0501	1	0:00:16.344494
5620	3	4	0.0982	0	0:00:16.355652
5625	5	5	0.243	1	0:00:16.351177
5630	3	8	0.0899	0	0:00:16.352481
5635	7	7	0.504	1	0:00:16.337275
5640	2	2	0.494	1	0:00:16.345439
5645	5	5	0.292	1	0:00:16.352665
5650	5	-1	0.0	0	0:00:16.354042
5655	3	-1	0.0	0	0:00:16.349350
5660	9	9	0.346	1	0:00:16.346566
5665	2	0	0.781	0	0:00:16.359823
5670	4	4	0.0175	1	0:00:16.359756
5675	7	7	0.993	1	0:00:16.357321
5680	2	3	0.417	0	0:00:16.364474
5685	1	1	1.39	1	0:00:16.342530
5690	7	-1	0.0	0	0:00:16.356888
5695	7	7	1.39	1	0:00:16.361862
5700	3	-1	0.0	0	0:00:16.369694
5705	2	2	0.225	1	0:00:16.354681
5710	6	-1	0.0	0	0:00:16.344187
5715	6	6	1.39	1	0:00:16.365437
5720	9	9	1.52	1	0:00:16.359693
5725	5	3	0.258	0	0:00:16.349007
5730	5	1	0.0801	0	0:00:16.354438
5735	0	0	1.65	1	0:00:16.356852
5740	6	6	0.38	1	0:00:16.362141
5745	5	-1	0.0	0	0:00:16.339804
5750	6	6	0.0884	1	0:00:16.347401
5755	4	4	0.282	1	0:00:16.350461
5760	2	2	0.239	1	0:00:16.351085
5765	9	9	1.34	1	0:00:16.353124
5770	8	8	1.13	1	0:00:16.357481
5775	7	7	0.213	1	0:00:16.353318
5780	7	7	1.83	1	0:00:16.349018
5785	2	2	1.5	1	0:00:16.357776
5790	9	9	1.34	1	0:00:16.347128
5795	7	7	0.26	1	0:00:16.344012
5800	2	2	0.185	1	0:00:16.348665
5805	1	1	0.721	1	0:00:16.346223
5810	5	5	0.751	1	0:00:16.345270
5815	3	3	0.788	1	0:00:16.348635
5820	5	5	0.261	1	0:00:16.366501
5825	3	6	1.45	0	0:00:16.351353
5830	5	6	0.574	0	0:00:16.353070
5835	3	-1	0.0	0	0:00:16.346819
5840	2	2	0.457	1	0:00:16.346170
5845	5	5	1.6	1	0:00:16.354787
5850	6	4	0.261	0	0:00:16.354464
5855	7	2	0.752	0	0:00:16.352318
5860	0	0	0.149	1	0:00:16.357346
5865	6	6	0.352	1	0:00:16.366060
5870	7	7	0.574	1	0:00:16.365089
5875	1	1	1.66	1	0:00:16.358134
5880	0	0	1.23	1	0:00:16.353426
5885	4	4	0.56	1	0:00:16.346133
5890	3	3	0.0674	1	0:00:16.360749
5895	6	6	1.6	1	0:00:16.355348
5900	4	-1	0.0	0	0:00:16.342307
5905	1	1	0.549	1	0:00:16.360645
5910	2	5	0.393	0	0:00:16.357063
5915	5	3	0.724	0	0:00:16.351722
5920	8	8	1.91	1	0:00:16.342034
5925	3	-1	0.0	0	0:00:16.345070
5930	5	-1	0.0	0	0:00:16.339140
5935	6	6	0.757	1	0:00:16.356031
5940	7	4	0.143	0	0:00:16.363293
5945	9	9	0.715	1	0:00:16.343015
5950	9	9	0.658	1	0:00:16.346570
5955	5	4	0.197	0	0:00:16.355585
5960	2	6	0.15	0	0:00:16.355136
5965	7	7	1.49	1	0:00:16.351209
5970	1	1	1.06	1	0:00:16.357275
5975	9	9	0.875	1	0:00:16.349990
5980	9	9	1.69	1	0:00:16.345236
5985	4	4	0.951	1	0:00:16.346694
5990	8	8	0.34	1	0:00:16.351706
5995	0	0	1.15	1	0:00:16.348121
6000	8	8	0.118	1	0:00:16.341070
6005	4	2	0.0676	0	0:00:16.341879
6010	1	2	0.142	0	0:00:16.345571
6015	0	-1	0.0	0	0:00:16.347877
6020	6	6	0.728	1	0:00:16.346513
6025	6	6	0.128	1	0:00:16.352524
6030	8	8	0.106	1	0:00:16.348286
6035	5	3	1.0	0	0:00:16.349394
6040	2	-1	0.0	0	0:00:16.355397
6045	8	8	1.6	1	0:00:16.355332
6050	2	6	0.298	0	0:00:16.353626
6055	0	8	0.18	0	0:00:16.339134
6060	3	3	0.0208	1	0:00:16.345839
6065	5	2	0.188	0	0:00:16.350004
6070	8	8	0.432	1	0:00:16.338869
6075	3	6	0.471	0	0:00:16.347317
6080	1	1	0.628	1	0:00:16.345972
6085	2	6	0.596	0	0:00:16.354287
6090	1	1	0.738	1	0:00:16.346848
6095	9	9	0.544	1	0:00:16.357193
6100	1	1	1.14	1	0:00:16.353269
6105	0	0	1.69	1	0:00:16.364209
6110	9	9	1.91	1	0:00:16.341836
6115	8	8	1.24	1	0:00:16.342167
6120	5	5	0.741	1	0:00:16.345016
6125	8	8	1.54	1	0:00:16.354155
6130	1	1	0.471	1	0:00:16.348841
6135	3	3	0.218	1	0:00:16.360262
6140	9	9	1.04	1	0:00:16.348201
6145	2	3	0.854	0	0:00:16.351616
6150	1	1	0.416	1	0:00:16.351105
6155	8	8	1.13	1	0:00:16.362205
6160	2	2	0.254	1	0:00:16.351918
6165	5	3	0.28	0	0:00:16.353107
6170	2	2	0.354	1	0:00:16.354139
6175	3	6	0.0994	0	0:00:16.354325
6180	0	0	0.628	1	0:00:16.363591
6185	5	3	0.261	0	0:00:16.349141
6190	4	4	0.602	1	0:00:16.356164
6195	1	1	0.205	1	0:00:16.350935
6200	3	3	0.491	1	0:00:16.357200
6205	1	1	0.795	1	0:00:16.343619
6210	4	-1	0.0	0	0:00:16.351917
6215	2	2	0.155	1	0:00:16.343450
6220	2	5	0.181	0	0:00:16.338833
6225	3	3	0.557	1	0:00:16.341287
6230	2	2	0.112	1	0:00:16.359284
6235	6	3	0.432	0	0:00:16.352242
6240	2	2	0.0769	1	0:00:16.352022
6245	6	6	0.432	1	0:00:16.354920
6250	4	7	0.129	0	0:00:16.347656
6255	6	6	0.876	1	0:00:16.356006
6260	2	-1	0.0	0	0:00:16.344503
6265	4	4	0.833	1	0:00:16.352253
6270	2	6	0.506	0	0:00:16.349851
6275	9	9	0.459	1	0:00:16.361949
6280	8	-1	0.0	0	0:00:16.360438
6285	8	0	0.04	0	0:00:16.351455
6290	9	1	0.356	0	0:00:16.352702
6295	8	8	1.01	1	0:00:16.351382
6300	1	1	0.489	1	0:00:16.362498
6305	6	-1	0.0	0	0:00:16.363223
6310	5	5	1.87	1	0:00:16.357357
6315	6	5	0.144	0	0:00:16.350587
6320	0	0	0.585	1	0:00:16.359446
6325	7	7	1.6	1	0:00:16.354397
6330	6	6	0.768	1	0:00:16.356279
6335	2	2	0.882	1	0:00:16.354460
6340	3	3	0.822	1	0:00:16.346964
6345	3	6	0.134	0	0:00:16.356517
6350	0	0	1.91	1	0:00:16.361648
6355	0	0	1.32	1	0:00:16.351152
6360	2	2	0.194	1	0:00:16.356704
6365	7	7	0.197	1	0:00:16.347075
6370	6	3	0.201	0	0:00:16.362048
6375	3	2	0.0299	0	0:00:16.347758
6380	3	-1	0.0	0	0:00:16.355935
6385	5	5	0.159	1	0:00:16.344741
6390	7	7	1.64	1	0:00:16.359122
6395	8	8	0.674	1	0:00:16.348764
6400	0	-1	0.0	0	0:00:16.350411
6405	1	-1	0.0	0	0:00:16.354838
6410	1	1	1.45	1	0:00:16.338737
6415	1	1	0.687	1	0:00:16.356432
6420	7	7	1.67	1	0:00:16.351642
6425	2	2	0.46	1	0:00:16.353520
6430	1	1	0.404	1	0:00:16.348926
6435	9	9	0.784	1	0:00:16.345991
6440	3	-1	0.0	0	0:00:16.344092
6445	1	1	1.39	1	0:00:16.349359
6450	0	0	1.56	1	0:00:16.339035
6455	6	6	1.04	1	0:00:16.338163
6460	3	3	0.289	1	0:00:16.340027
6465	3	3	0.497	1	0:00:16.342544
6470	1	1	0.54	1	0:00:16.326914
6475	2	3	0.304	0	0:00:16.351103
6480	0	0	0.654	1	0:00:16.360805
6485	9	9	1.43	1	0:00:16.359863
6490	8	9	0.502	0	0:00:16.350938
6495	7	7	0.953	1	0:00:16.358334
6500	7	-1	0.0	0	0:00:16.354505
6505	4	4	0.0871	1	0:00:16.361760
6510	4	-1	0.0	0	0:00:16.370618
6515	2	2	0.482	1	0:00:16.353823
6520	6	-1	0.0	0	0:00:16.358793
6525	3	3	0.488	1	0:00:16.369457
6530	3	3	0.179	1	0:00:16.361383
6535	5	5	0.372	1	0:00:16.357656
6540	8	8	0.845	1	0:00:16.354695
6545	9	0	0.782	0	0:00:16.358861
6550	1	1	1.33	1	0:00:16.357179
6555	1	1	1.63	1	0:00:16.351133
6560	6	6	0.47	1	0:00:16.348018
6565	9	9	0.425	1	0:00:16.356158
6570	9	9	0.00583	1	0:00:16.348617
6575	3	3	0.859	1	0:00:16.354308
6580	1	1	0.126	1	0:00:16.344210
6585	1	1	1.84	1	0:00:16.351342
6590	5	7	0.548	0	0:00:16.360661
6595	2	2	0.672	1	0:00:16.355797
6600	7	7	1.67	1	0:00:16.352879
6605	6	3	0.017	0	0:00:16.368353
6610	8	8	1.3	1	0:00:16.355148
6615	7	7	0.81	1	0:00:16.368505
6620	7	7	1.2	1	0:00:16.362671
6625	4	2	0.0439	0	0:00:16.346845
6630	7	7	0.532	1	0:00:16.350067
6635	6	6	0.182	1	0:00:16.358169
6640	5	3	0.819	0	0:00:16.358833
6645	6	-1	0.0	0	0:00:16.363092
6650	0	0	0.622	1	0:00:16.362427
6655	1	1	0.362	1	0:00:16.356428
6660	0	0	1.04	1	0:00:16.357004
6665	4	-1	0.0	0	0:00:16.343823
6670	3	3	0.162	1	0:00:16.368819
6675	2	2	1.1	1	0:00:16.359058
6680	3	3	0.324	1	0:00:16.360951
6685	1	1	0.4	1	0:00:16.364837
6690	5	5	0.497	1	0:00:16.361964
6695	4	4	0.00655	1	0:00:16.365854
6700	6	6	0.223	1	0:00:16.369329
6705	3	6	0.15	0	0:00:16.366239
6710	3	3	0.849	1	0:00:16.359248
6715	2	6	0.213	0	0:00:16.353330
6720	2	2	0.434	1	0:00:16.373637
6725	8	8	1.91	1	0:00:16.347005
6730	8	8	0.793	1	0:00:16.354200
6735	9	-1	0.0	0	0:00:16.356404
6740	2	2	0.348	1	0:00:16.362303
6745	7	7	0.557	1	0:00:16.357876
6750	4	3	0.612	0	0:00:16.357854
6755	9	9	0.584	1	0:00:16.339694
6760	5	5	1.06	1	0:00:16.353516
6765	8	8	0.413	1	0:00:16.355524
6770	1	1	1.21	1	0:00:16.366384
6775	0	0	0.504	1	0:00:16.369941
6780	7	7	1.53	1	0:00:16.374211
6785	6	6	0.101	1	0:00:16.359569
6790	7	5	0.215	0	0:00:16.352958
6795	9	9	0.224	1	0:00:16.347679
6800	6	-1	0.0	0	0:00:16.353724
6805	1	1	1.1	1	0:00:16.375230
6810	8	8	0.786	1	0:00:16.363356
6815	0	0	1.68	1	0:00:16.346314
6820	1	1	1.65	1	0:00:16.349200
6825	3	3	0.846	1	0:00:16.349498
6830	1	1	0.633	1	0:00:16.355715
6835	5	3	0.0711	0	0:00:16.354685
6840	9	9	0.667	1	0:00:16.359288
6845	2	4	0.0598	0	0:00:16.348633
6850	6	6	0.692	1	0:00:16.349202
6855	4	6	0.294	0	0:00:16.352212
6860	0	0	0.333	1	0:00:16.352757
6865	3	3	0.158	1	0:00:16.361895
6870	7	7	0.255	1	0:00:16.349122
6875	5	5	0.669	1	0:00:16.360096
6880	2	2	0.562	1	0:00:16.358523
6885	0	0	1.28	1	0:00:16.361353
6890	5	5	0.721	1	0:00:16.358189
6895	2	2	0.137	1	0:00:16.371873
6900	3	-1	0.0	0	0:00:16.355350
6905	2	2	0.229	1	0:00:16.349965
6910	7	7	0.479	1	0:00:16.357086
6915	1	1	0.991	1	0:00:16.343893
6920	5	4	0.029	0	0:00:16.348320
6925	2	2	1.37	1	0:00:16.354568
6930	2	0	0.926	0	0:00:16.343904
6935	7	7	1.78	1	0:00:16.351240
6940	1	1	1.91	1	0:00:16.345304
6945	5	5	0.713	1	0:00:16.353955
6950	8	0	0.482	0	0:00:16.350427
6955	7	7	0.722	1	0:00:16.348190
6960	9	9	0.0608	1	0:00:16.359953
6965	6	5	0.146	0	0:00:16.355617
6970	0	5	0.215	0	0:00:16.356551
6975	8	1	0.704	0	0:00:16.347728
6980	0	-1	0.0	0	0:00:16.371593
6985	0	4	0.088	0	0:00:16.365657
6990	3	3	1.48	1	0:00:16.350105
6995	1	1	0.89	1	0:00:16.354440
7000	2	0	0.12	0	0:00:16.362968
7005	1	8	0.245	0	0:00:16.368730
7010	0	0	0.88	1	0:00:16.353674
7015	3	0	0.111	0	0:00:16.344788
7020	7	7	1.49	1	0:00:16.346860
7025	6	6	1.27	1	0:00:16.356116
7030	8	8	0.729	1	0:00:16.351334
7035	1	9	0.321	0	0:00:16.336223
7040	7	-1	0.0	0	0:00:16.363379
7045	3	1	0.198	0	0:00:16.346150
7050	8	8	0.625	1	0:00:16.348853
7055	8	0	0.161	0	0:00:16.358363
7060	8	8	0.651	1	0:00:16.356697
7065	2	2	0.158	1	0:00:16.350173
7070	7	7	0.526	1	0:00:16.333539
7075	9	9	1.19	1	0:00:16.346677
7080	5	4	0.401	0	0:00:16.355276
7085	5	-1	0.0	0	0:00:16.337891
7090	2	3	0.152	0	0:00:16.343266
7095	4	-1	0.0	0	0:00:16.347636
7100	9	-1	0.0	0	0:00:16.345646
7105	3	3	1.5	1	0:00:16.347340
7110	3	3	0.422	1	0:00:16.356657
7115	0	0	1.91	1	0:00:16.348148
7120	7	5	0.236	0	0:00:16.356782
7125	5	5	0.138	1	0:00:16.362175
7130	6	6	1.02	1	0:00:16.347439
7135	4	4	0.617	1	0:00:16.346340
7140	4	-1	0.0	0	0:00:16.347679
7145	3	3	0.787	1	0:00:16.340443
7150	3	0	0.145	0	0:00:16.354792
7155	9	9	0.221	1	0:00:16.346110
7160	5	5	0.967	1	0:00:16.341546
7165	0	0	0.296	1	0:00:16.348502
7170	9	9	0.833	1	0:00:16.345094
7175	7	7	0.297	1	0:00:16.342785
7180	6	6	0.734	1	0:00:16.348983
7185	8	8	0.515	1	0:00:16.356624
7190	2	2	0.547	1	0:00:16.355079
7195	7	2	0.0161	0	0:00:16.347450
7200	4	-1	0.0	0	0:00:16.342727
7205	6	2	0.0184	0	0:00:16.361298
7210	3	-1	0.0	0	0:00:16.360608
7215	1	1	1.76	1	0:00:16.345351
7220	9	9	1.03	1	0:00:16.339797
7225	1	1	1.29	1	0:00:16.343123
7230	2	2	0.533	1	0:00:16.344599
7235	2	2	0.3	1	0:00:16.344958
7240	0	0	0.0926	1	0:00:16.355653
7245	4	4	0.227	1	0:00:16.345267
7250	8	8	0.524	1	0:00:16.360579
7255	3	6	0.332	0	0:00:16.361105
7260	1	1	0.479	1	0:00:16.358771
7265	5	3	0.364	0	0:00:16.366242
7270	9	9	0.327	1	0:00:16.359104
7275	3	-1	0.0	0	0:00:16.359870
7280	1	9	0.385	0	0:00:16.366632
7285	1	1	0.374	1	0:00:16.353477
7290	6	3	0.338	0	0:00:16.350790
7295	5	5	1.34	1	0:00:16.364537
7300	3	4	0.449	0	0:00:16.353850
7305	6	6	0.123	1	0:00:16.362195
7310	3	5	0.243	0	0:00:16.370185
7315	0	-1	0.0	0	0:00:16.379300
7320	8	8	0.42	1	0:00:16.347026
7325	4	4	1.48	1	0:00:16.340788
7330	5	-1	0.0	0	0:00:16.351285
7335	4	4	1.38	1	0:00:16.353518
7340	2	4	0.144	0	0:00:16.349084
7345	6	6	1.07	1	0:00:16.394380
7350	9	9	0.452	1	0:00:16.367106
7355	7	7	0.926	1	0:00:16.361062
7360	2	-1	0.0	0	0:00:16.356400
7365	4	4	0.16	1	0:00:16.366256
7370	3	8	0.299	0	0:00:16.354512
7375	2	-1	0.0	0	0:00:16.337081
7380	7	7	0.912	1	0:00:16.344465
7385	9	9	1.33	1	0:00:16.357315
7390	6	9	0.441	0	0:00:16.360115
7395	2	3	0.243	0	0:00:16.367098
7400	3	3	0.663	1	0:00:16.362427
7405	7	7	1.69	1	0:00:16.360543
7410	4	6	0.365	0	0:00:16.363820
7415	3	3	0.864	1	0:00:16.349143
7420	3	4	0.115	0	0:00:16.356978
7425	2	-1	0.0	0	0:00:16.342458
7430	2	2	0.373	1	0:00:16.377773
7435	7	-1	0.0	0	0:00:16.390994
7440	3	3	0.577	1	0:00:16.360706
7445	6	6	0.317	1	0:00:16.383548
7450	1	1	1.75	1	0:00:16.401398
7455	1	9	0.925	0	0:00:16.410042
7460	5	5	1.14	1	0:00:16.469996
7465	0	0	0.926	1	0:00:16.512338
7470	9	-1	0.0	0	0:00:16.588181
7475	3	3	0.102	1	0:00:16.627754
7480	1	8	0.606	0	0:00:16.675183
7485	8	8	1.45	1	0:00:16.708820
7490	4	4	0.778	1	0:00:16.731997
7495	7	7	1.25	1	0:00:16.798460
7500	6	6	1.91	1	0:00:16.815474
7505	7	7	0.794	1	0:00:16.813766
7510	8	8	1.41	1	0:00:16.835995
7515	8	8	0.48	1	0:00:16.857415
7520	4	4	0.196	1	0:00:16.865703
7525	8	8	1.66	1	0:00:16.877249
7530	2	-1	0.0	0	0:00:16.875863
7535	1	1	0.619	1	0:00:16.850803
7540	5	5	1.38	1	0:00:16.853680
7545	5	3	0.112	0	0:00:16.884274
7550	4	4	0.943	1	0:00:16.840969
7555	1	1	1.3	1	0:00:16.866431
7560	0	0	0.484	1	0:00:16.865876
7565	1	1	1.04	1	0:00:16.883600
7570	1	1	1.22	1	0:00:16.879947
7575	8	8	0.793	1	0:00:16.847831
7580	8	8	1.12	1	0:00:16.849826
7585	6	6	1.17	1	0:00:16.883484
7590	2	4	0.359	0	0:00:16.850313
7595	1	1	0.133	1	0:00:16.847426
7600	8	9	0.296	0	0:00:16.870973
7605	2	2	0.0517	1	0:00:16.854068
7610	7	7	0.602	1	0:00:16.847260
7615	5	6	0.0304	0	0:00:16.839448
7620	5	3	0.207	0	0:00:16.838057
7625	7	7	0.389	1	0:00:16.837522
7630	9	9	1.1	1	0:00:16.849605
7635	9	9	0.649	1	0:00:16.842116
7640	9	9	0.0577	1	0:00:16.838234
7645	0	0	0.768	1	0:00:16.815444
7650	2	2	0.115	1	0:00:16.827495
7655	8	8	0.326	1	0:00:16.821894
7660	7	-1	0.0	0	0:00:16.839763
7665	9	-1	0.0	0	0:00:16.836243
7670	2	2	0.27	1	0:00:16.858125
7675	8	8	0.192	1	0:00:16.838300
7680	3	-1	0.0	0	0:00:16.852209
7685	9	9	0.28	1	0:00:16.836159
7690	6	6	0.994	1	0:00:16.823656
7695	8	8	0.706	1	0:00:16.842862
7700	6	6	1.21	1	0:00:16.854303
7705	7	-1	0.0	0	0:00:16.827812
7710	9	9	0.937	1	0:00:16.841068
7715	1	1	1.47	1	0:00:16.828707
7720	5	-1	0.0	0	0:00:16.833055
7725	4	4	0.545	1	0:00:16.827284
7730	4	-1	0.0	0	0:00:16.828915
7735	4	-1	0.0	0	0:00:16.836037
7740	4	4	0.243	1	0:00:16.831693
7745	7	7	1.34	1	0:00:16.840757
7750	3	4	0.339	0	0:00:16.837190
7755	7	7	1.21	1	0:00:16.841302
7760	2	9	0.241	0	0:00:16.862808
7765	8	8	1.6	1	0:00:16.846543
7770	9	9	1.69	1	0:00:16.854040
7775	2	2	0.128	1	0:00:16.838187
7780	3	-1	0.0	0	0:00:16.819659
7785	4	-1	0.0	0	0:00:16.864699
7790	8	8	0.0256	1	0:00:16.826790
7795	5	9	0.0478	0	0:00:16.836464
7800	0	0	0.95	1	0:00:16.825337
7805	9	-1	0.0	0	0:00:16.826490
7810	6	6	1.06	1	0:00:16.848274
7815	0	-1	0.0	0	0:00:16.843994
7820	5	5	0.281	1	0:00:16.833264
7825	3	3	1.18	1	0:00:16.854862
7830	2	9	0.488	0	0:00:16.851349
7835	0	0	1.91	1	0:00:16.814553
7840	1	1	1.51	1	0:00:16.831934
7845	2	2	0.706	1	0:00:16.846085
7850	0	0	0.0952	1	0:00:16.849466
7855	2	5	0.0729	0	0:00:16.847010
7860	8	8	0.379	1	0:00:16.833195
7865	3	3	0.109	1	0:00:16.835449
7870	6	6	0.818	1	0:00:16.835901
7875	2	6	0.0259	0	0:00:16.818729
7880	0	0	0.227	1	0:00:16.827053
7885	3	3	0.487	1	0:00:16.851631
7890	6	6	0.592	1	0:00:16.853016
7895	4	6	0.473	0	0:00:16.825683
7900	0	8	0.0983	0	0:00:16.838137
7905	3	3	0.402	1	0:00:16.839920
7910	3	5	0.0253	0	0:00:16.826429
7915	3	3	0.358	1	0:00:16.823116
7920	9	9	0.376	1	0:00:16.851486
7925	0	0	1.84	1	0:00:16.826490
7930	2	2	0.171	1	0:00:16.835839
7935	7	7	0.431	1	0:00:16.830515
7940	2	-1	0.0	0	0:00:16.832377
7945	6	6	0.159	1	0:00:16.831880
7950	9	9	1.65	1	0:00:16.834120
7955	9	9	1.01	1	0:00:16.810454
7960	0	0	0.453	1	0:00:16.829043
7965	7	7	1.47	1	0:00:16.838711
7970	3	5	0.0346	0	0:00:16.813171
7975	2	-1	0.0	0	0:00:16.825876
7980	3	3	0.336	1	0:00:16.838083
7985	5	-1	0.0	0	0:00:16.849639
7990	0	4	0.0902	0	0:00:16.841691
7995	8	8	1.46	1	0:00:16.827325
8000	9	9	0.973	1	0:00:16.817907
8005	1	1	1.91	1	0:00:16.838301
8010	2	7	0.0196	0	0:00:16.853167
8015	8	8	0.226	1	0:00:16.828042
8020	6	3	0.615	0	0:00:16.825786
8025	5	5	0.872	1	0:00:16.840569
8030	2	2	1.06	1	0:00:16.827881
8035	1	1	1.0	1	0:00:16.830290
8040	2	2	1.08	1	0:00:16.845815
8045	5	5	1.08	1	0:00:16.840229
8050	7	7	1.01	1	0:00:16.849420
8055	2	2	0.0659	1	0:00:16.845884
8060	6	6	0.735	1	0:00:16.861313
8065	9	9	0.381	1	0:00:16.832817
8070	5	5	1.08	1	0:00:16.844958
8075	8	8	0.996	1	0:00:16.860081
8080	4	-1	0.0	0	0:00:16.859717
8085	2	2	0.427	1	0:00:16.862311
8090	6	-1	0.0	0	0:00:16.849269
8095	2	2	0.13	1	0:00:16.841113
8100	6	-1	0.0	0	0:00:16.839396
8105	0	0	0.293	1	0:00:16.841920
8110	5	6	0.54	0	0:00:16.817176
8115	5	5	0.00455	1	0:00:16.846398
8120	8	9	0.669	0	0:00:16.837332
8125	8	8	0.946	1	0:00:16.847975
8130	6	6	0.392	1	0:00:16.855464
8135	7	3	0.337	0	0:00:16.832862
8140	5	-1	0.0	0	0:00:16.847415
8145	9	-1	0.0	0	0:00:16.848322
8150	6	6	1.32	1	0:00:16.853557
8155	1	1	1.67	1	0:00:16.847312
8160	6	6	1.08	1	0:00:16.845462
8165	1	1	1.07	1	0:00:16.838122
8170	5	5	0.813	1	0:00:16.851868
8175	3	-1	0.0	0	0:00:16.831962
8180	4	4	0.176	1	0:00:16.849028
8185	0	0	0.445	1	0:00:16.837165
8190	4	6	0.0676	0	0:00:16.831794
8195	8	8	0.797	1	0:00:16.821142
8200	3	4	0.351	0	0:00:16.827074
8205	2	2	0.138	1	0:00:16.840743
8210	0	0	1.84	1	0:00:16.832923
8215	1	1	0.925	1	0:00:16.843224
8220	6	-1	0.0	0	0:00:16.848068
8225	9	9	0.835	1	0:00:16.837088
8230	0	0	1.27	1	0:00:16.842351
8235	7	7	1.91	1	0:00:16.831194
8240	7	7	1.63	1	0:00:16.833798
8245	3	5	0.383	0	0:00:16.849490
8250	6	6	1.18	1	0:00:16.871415
8255	9	9	1.01	1	0:00:16.856439
8260	1	1	1.83	1	0:00:16.852984
8265	0	0	1.14	1	0:00:16.842248
8270	6	6	1.17	1	0:00:16.766808
8275	3	-1	0.0	0	0:00:16.674219
8280	4	5	0.112	0	0:00:16.615165
8285	9	9	0.452	1	0:00:16.553588
8290	8	-1	0.0	0	0:00:16.534343
8295	3	3	0.11	1	0:00:16.497124
8300	5	-1	0.0	0	0:00:16.444777
8305	4	6	0.0934	0	0:00:16.441723
8310	3	3	0.425	1	0:00:16.444500
8315	6	6	0.0149	1	0:00:16.410030
8320	7	-1	0.0	0	0:00:16.381980
8325	8	9	0.151	0	0:00:16.390405
8330	5	5	1.31	1	0:00:16.376889
8335	7	3	0.659	0	0:00:16.367249
8340	5	3	0.45	0	0:00:16.360798
8345	9	9	0.89	1	0:00:16.357799
8350	9	9	0.942	1	0:00:16.364276
8355	9	9	1.68	1	0:00:16.354436
8360	7	7	1.5	1	0:00:16.347161
8365	6	6	0.996	1	0:00:16.357405
8370	4	-1	0.0	0	0:00:16.362272
8375	4	-1	0.0	0	0:00:16.348938
8380	9	9	1.15	1	0:00:16.363019
8385	9	9	0.16	1	0:00:16.356509
8390	1	1	1.28	1	0:00:16.357772
8395	1	1	0.62	1	0:00:16.357648
8400	0	-1	0.0	0	0:00:16.351839
8405	0	2	0.0649	0	0:00:16.350768
8410	5	-1	0.0	0	0:00:16.354704
8415	0	0	1.02	1	0:00:16.347441
8420	3	6	0.536	0	0:00:16.356992
8425	6	2	0.482	0	0:00:16.368119
8430	9	9	1.81	1	0:00:16.360855
8435	3	3	0.758	1	0:00:16.362838
8440	5	5	0.0834	1	0:00:16.352051
8445	1	1	0.937	1	0:00:16.369973
8450	9	-1	0.0	0	0:00:16.359068
8455	1	1	1.87	1	0:00:16.348089
8460	8	8	1.27	1	0:00:16.354717
8465	9	9	0.67	1	0:00:16.371608
8470	8	8	1.25	1	0:00:16.351790
8475	9	-1	0.0	0	0:00:16.344521
8480	2	2	0.475	1	0:00:16.370231
8485	0	0	1.76	1	0:00:16.354450
8490	3	5	0.242	0	0:00:16.363077
8495	1	1	0.786	1	0:00:16.365276
8500	4	4	0.721	1	0:00:16.355175
8505	5	5	0.116	1	0:00:16.353621
8510	7	7	1.91	1	0:00:16.354865
8515	8	8	1.3	1	0:00:16.362823
8520	8	8	0.302	1	0:00:16.371463
8525	3	-1	0.0	0	0:00:16.365532
8530	8	8	0.151	1	0:00:16.361023
8535	7	5	0.000513	0	0:00:16.377029
8540	4	-1	0.0	0	0:00:16.365355
8545	6	3	0.112	0	0:00:16.349106
8550	1	1	0.606	1	0:00:16.359403
8555	5	5	0.108	1	0:00:16.374058
8560	7	7	1.04	1	0:00:16.364559
8565	7	7	0.835	1	0:00:16.351673
8570	6	6	0.299	1	0:00:16.370314
8575	9	9	0.815	1	0:00:16.354685
8580	3	-1	0.0	0	0:00:16.361980
8585	9	9	0.75	1	0:00:16.356619
8590	0	0	0.771	1	0:00:16.351680
8595	1	1	0.843	1	0:00:16.347647
8600	3	3	0.371	1	0:00:16.350900
8605	6	6	0.511	1	0:00:16.352107
8610	2	2	0.696	1	0:00:16.360344
8615	9	9	0.967	1	0:00:16.357483
8620	3	-1	0.0	0	0:00:16.360550
8625	5	-1	0.0	0	0:00:16.365489
8630	5	5	1.17	1	0:00:16.348470
8635	6	6	0.574	1	0:00:16.364440
8640	1	1	1.01	1	0:00:16.371934
8645	1	1	1.71	1	0:00:16.364289
8650	2	2	0.285	1	0:00:16.364842
8655	8	8	1.04	1	0:00:16.365572
8660	7	7	1.17	1	0:00:16.348359
8665	3	3	0.142	1	0:00:16.368377
8670	9	6	0.0509	0	0:00:16.354000
8675	7	7	0.384	1	0:00:16.370506
8680	3	-1	0.0	0	0:00:16.365551
8685	7	7	0.335	1	0:00:16.363276
8690	8	8	0.682	1	0:00:16.353634
8695	4	4	0.378	1	0:00:16.362387
8700	3	3	0.523	1	0:00:16.364103
8705	6	2	0.216	0	0:00:16.359125
8710	7	7	0.219	1	0:00:16.370343
8715	2	2	0.464	1	0:00:16.366268
8720	2	0	1.25	0	0:00:16.358495
8725	8	8	1.06	1	0:00:16.367773
8730	2	-1	0.0	0	0:00:16.361594
8735	3	3	0.268	1	0:00:16.368990
8740	2	2	0.307	1	0:00:16.355408
8745	5	5	1.38	1	0:00:16.349017
8750	9	9	1.78	1	0:00:16.380351
8755	6	6	0.689	1	0:00:16.367155
8760	8	8	1.46	1	0:00:16.346512
8765	2	2	0.288	1	0:00:16.371265
8770	6	3	0.299	0	0:00:16.377658
8775	1	-1	0.0	0	0:00:16.373689
8780	4	4	0.357	1	0:00:16.363198
8785	8	8	0.539	1	0:00:16.336300
8790	0	-1	0.0	0	0:00:16.365530
8795	0	0	1.91	1	0:00:16.341140
8800	0	0	1.38	1	0:00:16.362969
8805	9	9	0.432	1	0:00:16.375576
8810	2	3	0.0884	0	0:00:16.361192
8815	3	5	0.621	0	0:00:16.382513
8820	2	2	1.84	1	0:00:16.367299
8825	0	8	0.203	0	0:00:16.356499
8830	9	9	1.07	1	0:00:16.351783
8835	7	7	1.01	1	0:00:16.383550
8840	2	-1	0.0	0	0:00:16.367775
8845	2	2	1.39	1	0:00:16.355819
8850	1	1	0.33	1	0:00:16.364657
8855	4	-1	0.0	0	0:00:16.362345
8860	2	2	0.972	1	0:00:16.375069
8865	7	7	0.859	1	0:00:16.386494
8870	5	5	0.213	1	0:00:16.364403
8875	8	6	0.212	0	0:00:16.374454
8880	1	1	0.931	1	0:00:16.363291
8885	3	3	1.43	1	0:00:16.383207
8890	8	8	1.12	1	0:00:16.364987
8895	0	0	1.4	1	0:00:16.377063
8900	2	4	0.242	0	0:00:16.390118
8905	8	8	0.368	1	0:00:16.370427
8910	1	1	0.231	1	0:00:16.352414
8915	9	9	1.15	1	0:00:16.356243
8920	6	6	0.901	1	0:00:16.368932
8925	0	0	1.27	1	0:00:16.361174
8930	3	3	0.267	1	0:00:16.359885
8935	0	0	0.675	1	0:00:16.355023
8940	6	3	0.653	0	0:00:16.359977
8945	1	1	0.787	1	0:00:16.361520
8950	9	9	1.49	1	0:00:16.364878
8955	1	9	0.112	0	0:00:16.359549
8960	0	0	0.917	1	0:00:16.367543
8965	4	4	0.237	1	0:00:16.366381
8970	0	0	0.969	1	0:00:16.360636
8975	8	8	1.73	1	0:00:16.376352
8980	9	9	1.8	1	0:00:16.362069
8985	9	0	0.0665	0	0:00:16.367230
8990	1	1	1.6	1	0:00:16.357321
8995	9	9	0.678	1	0:00:16.361582
9000	8	8	1.87	1	0:00:16.365047
9005	5	5	0.887	1	0:00:16.360526
9010	8	-1	0.0	0	0:00:16.358528
9015	8	8	0.308	1	0:00:16.363607
9020	7	7	0.769	1	0:00:16.356477
9025	5	5	1.11	1	0:00:16.353336
9030	2	2	0.262	1	0:00:16.354744
9035	4	-1	0.0	0	0:00:16.353102
9040	2	5	0.216	0	0:00:16.352301
9045	0	0	1.91	1	0:00:16.358054
9050	5	3	0.714	0	0:00:16.347354
9055	6	6	1.42	1	0:00:16.358461
9060	9	9	0.832	1	0:00:16.360016
9065	0	0	0.464	1	0:00:16.354074
9070	2	2	0.549	1	0:00:16.359027
9075	0	0	1.41	1	0:00:16.357236
9080	3	3	0.179	1	0:00:16.351388
9085	9	-1	0.0	0	0:00:16.355036
9090	2	2	0.392	1	0:00:16.354086
9095	5	5	0.179	1	0:00:16.351297
9100	9	1	0.121	0	0:00:16.363502
9105	8	8	0.446	1	0:00:16.366810
9110	1	1	1.27	1	0:00:16.339881
9115	8	8	1.91	1	0:00:16.366617
9120	3	-1	0.0	0	0:00:16.363121
9125	1	1	0.939	1	0:00:16.363805
9130	8	8	0.187	1	0:00:16.354232
9135	7	-1	0.0	0	0:00:16.360317
9140	7	7	0.0371	1	0:00:16.356226
9145	1	1	0.279	1	0:00:16.357500
9150	6	6	0.706	1	0:00:16.366330
9155	5	5	0.606	1	0:00:16.361060
9160	5	3	0.455	0	0:00:16.363300
9165	4	4	0.398	1	0:00:16.354347
9170	0	9	0.397	0	0:00:16.351387
9175	8	8	1.54	1	0:00:16.355808
9180	5	5	1.5	1	0:00:16.367808
9185	1	-1	0.0	0	0:00:16.375102
9190	3	5	0.148	0	0:00:16.360511
9195	6	6	0.491	1	0:00:16.362969
9200	8	8	1.37	1	0:00:16.354832
9205	4	4	0.594	1	0:00:16.363029
9210	7	7	1.22	1	0:00:16.362387
9215	5	3	0.333	0	0:00:16.354979
9220	8	8	1.62	1	0:00:16.367872
9225	5	-1	0.0	0	0:00:16.357063
9230	2	-1	0.0	0	0:00:16.377211
9235	0	0	0.129	1	0:00:16.354486
9240	8	8	0.746	1	0:00:16.365361
9245	1	1	0.987	1	0:00:16.360196
9250	3	2	0.297	0	0:00:16.350728
9255	3	3	1.42	1	0:00:16.363055
9260	5	5	0.596	1	0:00:16.367362
9265	1	1	0.357	1	0:00:16.369297
9270	9	9	1.23	1	0:00:16.362144
9275	8	8	0.976	1	0:00:16.365181
9280	9	-1	0.0	0	0:00:16.358972
9285	8	8	0.895	1	0:00:16.365171
9290	4	4	0.151	1	0:00:16.358119
9295	3	3	0.352	1	0:00:16.358333
9300	5	-1	0.0	0	0:00:16.360673
9305	5	7	0.206	0	0:00:16.380246
9310	3	3	0.0583	1	0:00:16.354275
9315	7	7	0.563	1	0:00:16.358596
9320	9	9	1.13	1	0:00:16.357794
9325	6	6	0.865	1	0:00:16.353987
9330	4	4	0.145	1	0:00:16.364080
9335	4	4	0.912	1	0:00:16.359152
9340	1	1	1.87	1	0:00:16.367691
9345	1	1	0.576	1	0:00:16.354020
9350	6	6	0.051	1	0:00:16.364660
9355	6	8	0.202	0	0:00:16.363204
9360	5	0	0.00147	0	0:00:16.367891
9365	6	6	0.876	1	0:00:16.364850
9370	8	9	0.45	0	0:00:16.375430
9375	3	-1	0.0	0	0:00:16.373827
9380	5	3	0.608	0	0:00:16.375225
9385	7	5	1.28	0	0:00:16.361557
9390	7	7	0.983	1	0:00:16.378929
9395	7	7	1.91	1	0:00:16.364936
9400	6	6	0.711	1	0:00:16.370592
9405	8	8	0.197	1	0:00:16.358894
9410	5	5	1.7	1	0:00:16.361367
9415	0	4	0.285	0	0:00:16.367325
9420	5	5	1.13	1	0:00:16.372686
9425	6	6	0.362	1	0:00:16.380536
9430	6	6	0.245	1	0:00:16.362182
9435	2	2	0.74	1	0:00:16.377936
9440	8	8	1.54	1	0:00:16.355647
9445	9	7	0.271	0	0:00:16.355161
9450	6	6	0.341	1	0:00:16.354020
9455	1	1	1.57	1	0:00:16.369765
9460	3	7	0.511	0	0:00:16.360672
9465	5	5	0.137	1	0:00:16.366124
9470	9	9	1.34	1	0:00:16.366710
9475	2	2	0.185	1	0:00:16.361275
9480	2	2	0.0281	1	0:00:16.369600
9485	7	-1	0.0	0	0:00:16.370892
9490	8	8	0.606	1	0:00:16.366632
9495	0	0	0.835	1	0:00:16.358740
9500	9	9	0.659	1	0:00:16.360532
9505	3	-1	0.0	0	0:00:16.365664
9510	1	1	0.595	1	0:00:16.371782
9515	0	9	0.123	0	0:00:16.372375
9520	1	1	0.877	1	0:00:16.364783
9525	2	2	0.702	1	0:00:16.349441
9530	6	6	1.63	1	0:00:16.365944
9535	1	1	0.0716	1	0:00:16.388553
9540	5	5	0.211	1	0:00:16.362370
9545	9	9	1.28	1	0:00:16.371740
9550	6	6	0.98	1	0:00:16.359414
9555	4	-1	0.0	0	0:00:16.366570
9560	9	7	0.353	0	0:00:16.359719
9565	0	0	1.83	1	0:00:16.357821
9570	7	7	1.84	1	0:00:16.365956
9575	5	5	0.408	1	0:00:16.353525
9580	1	1	0.688	1	0:00:16.360749
9585	4	4	0.186	1	0:00:16.367886
9590	0	0	0.922	1	0:00:16.352433
9595	7	7	1.03	1	0:00:16.380781
9600	8	8	0.609	1	0:00:16.366264
9605	5	5	0.446	1	0:00:16.365521
9610	4	4	0.276	1	0:00:16.360726
9615	6	6	0.331	1	0:00:16.369128
9620	4	4	0.438	1	0:00:16.360486
9625	2	2	0.304	1	0:00:16.359125
9630	6	6	0.155	1	0:00:16.361506
9635	7	7	0.0233	1	0:00:16.364380
9640	5	-1	0.0	0	0:00:16.363644
9645	1	1	1.91	1	0:00:16.375037
9650	8	8	1.8	1	0:00:16.361544
9655	8	8	1.23	1	0:00:16.362199
9660	6	6	1.83	1	0:00:16.375467
9665	3	5	0.572	0	0:00:16.371540
9670	1	1	0.931	1	0:00:16.379000
9675	4	4	0.456	1	0:00:16.367220
9680	8	8	1.56	1	0:00:16.379699
9685	0	2	0.339	0	0:00:16.365695
9690	4	2	0.131	0	0:00:16.364239
9695	0	0	1.36	1	0:00:16.372032
9700	0	0	1.07	1	0:00:16.352953
9705	6	6	0.728	1	0:00:16.359119
9710	7	5	0.206	0	0:00:16.354674
9715	4	-1	0.0	0	0:00:16.348417
9720	8	1	0.0156	0	0:00:16.358005
9725	8	-1	0.0	0	0:00:16.361744
9730	6	6	1.77	1	0:00:16.355067
9735	6	0	0.18	0	0:00:16.373023
9740	3	6	0.314	0	0:00:16.357437
9745	3	3	0.809	1	0:00:16.373134
9750	2	2	0.395	1	0:00:16.372495
9755	3	-1	0.0	0	0:00:16.365584
9760	9	-1	0.0	0	0:00:16.367457
9765	4	4	1.17	1	0:00:16.362711
9770	4	-1	0.0	0	0:00:16.359380
9775	9	9	1.47	1	0:00:16.366634
9780	4	6	0.0335	0	0:00:16.363816
9785	8	8	0.426	1	0:00:16.368132
9790	8	8	0.111	1	0:00:16.374547
9795	4	2	0.173	0	0:00:16.363552
9800	1	1	1.84	1	0:00:16.349526
9805	2	0	0.53	0	0:00:16.360289
9810	8	8	0.207	1	0:00:16.361462
9815	5	2	0.314	0	0:00:16.368116
9820	0	8	0.335	0	0:00:16.370879
9825	2	2	0.467	1	0:00:16.365296
9830	1	1	0.108	1	0:00:16.379514
9835	7	7	1.28	1	0:00:16.380429
9840	4	-1	0.0	0	0:00:16.351428
9845	9	9	1.01	1	0:00:16.383773
9850	7	4	0.726	0	0:00:16.367463
9855	7	7	0.31	1	0:00:16.352324
9860	0	5	0.161	0	0:00:16.372111
9865	1	1	0.569	1	0:00:16.363983
9870	2	2	0.339	1	0:00:16.363806
9875	9	-1	0.0	0	0:00:16.363094
9880	7	7	0.208	1	0:00:16.358465
9885	8	8	1.2	1	0:00:16.373049
9890	0	0	1.5	1	0:00:16.379328
9895	4	4	0.374	1	0:00:16.380383
9900	8	8	0.561	1	0:00:16.352424
9905	1	1	1.0	1	0:00:16.370614
9910	4	7	0.261	0	0:00:16.367076
9915	2	2	1.41	1	0:00:16.369059
9920	6	6	0.812	1	0:00:16.370708
9925	4	4	0.654	1	0:00:16.359703
9930	8	3	0.571	0	0:00:16.376869
9935	1	1	0.993	1	0:00:16.374495
9940	4	5	0.254	0	0:00:16.387387
9945	7	7	1.09	1	0:00:16.377115
9950	3	4	0.11	0	0:00:16.367290
9955	8	8	0.963	1	0:00:16.373137
9960	2	0	1.33	0	0:00:16.357363
9965	2	-1	0.0	0	0:00:16.377446
9970	2	4	1.09	0	0:00:16.387044
9975	7	7	1.6	1	0:00:16.385757
9980	0	0	1.67	1	0:00:16.355363
9985	5	5	0.979	1	0:00:16.375387
9990	7	7	1.32	1	0:00:16.370547
9995	8	8	1.65	1	0:00:16.360698
