idx	label	predict	radius	correct	time
0	3	3	0.527	1	0:00:15.545729
5	6	6	0.84	1	0:00:15.395796
10	0	0	0.351	1	0:00:15.528029
15	8	8	0.643	1	0:00:15.631602
20	7	7	0.268	1	0:00:15.704071
25	2	2	0.549	1	0:00:15.753152
30	6	6	0.181	1	0:00:15.783731
35	2	1	0.0943	0	0:00:15.801757
40	4	4	0.492	1	0:00:15.824050
45	9	9	1.03	1	0:00:15.848985
50	9	9	0.481	1	0:00:15.862541
55	8	8	0.425	1	0:00:15.866439
60	7	7	1.04	1	0:00:15.872176
65	2	2	0.298	1	0:00:15.890333
70	2	0	0.079	0	0:00:15.879375
75	2	2	0.633	1	0:00:15.889988
80	8	8	1.09	1	0:00:15.886035
85	5	7	1.23	0	0:00:15.893787
90	0	0	0.243	1	0:00:15.895777
95	6	6	0.128	1	0:00:15.897116
100	4	-1	0.0	0	0:00:15.898876
105	1	1	0.954	1	0:00:15.892309
110	4	4	0.0505	1	0:00:15.895091
115	3	3	0.276	1	0:00:15.899156
120	8	-1	0.0	0	0:00:15.898783
125	0	6	0.12	0	0:00:15.903704
130	4	2	0.0608	0	0:00:15.898356
135	2	3	0.41	0	0:00:15.900744
140	6	-1	0.0	0	0:00:15.904452
145	7	7	0.271	1	0:00:15.901996
150	8	8	0.516	1	0:00:15.899355
155	5	5	0.405	1	0:00:15.902029
160	2	2	0.982	1	0:00:15.899550
165	4	2	0.247	0	0:00:15.898300
170	9	9	0.493	1	0:00:15.895715
175	9	9	1.75	1	0:00:15.896113
180	0	0	0.816	1	0:00:15.893548
185	8	8	1.3	1	0:00:15.894265
190	5	5	0.252	1	0:00:15.893112
195	2	2	0.382	1	0:00:15.901690
200	5	5	0.632	1	0:00:15.901048
205	3	3	0.033	1	0:00:15.888585
210	7	-1	0.0	0	0:00:15.902601
215	0	0	0.307	1	0:00:15.894207
220	7	7	0.989	1	0:00:15.896667
225	9	9	1.02	1	0:00:15.899347
230	5	5	1.34	1	0:00:15.901161
235	0	0	1.91	1	0:00:15.888855
240	1	1	1.78	1	0:00:15.902011
245	3	8	0.142	0	0:00:15.896668
250	5	5	0.0297	1	0:00:15.895596
255	0	0	0.222	1	0:00:15.896420
260	8	-1	0.0	0	0:00:15.897946
265	8	8	1.49	1	0:00:15.893329
270	2	-1	0.0	0	0:00:15.895924
275	5	-1	0.0	0	0:00:15.894828
280	9	9	1.64	1	0:00:15.897669
285	9	9	1.36	1	0:00:15.898654
290	1	1	1.76	1	0:00:15.900898
295	4	2	0.164	0	0:00:15.894129
300	6	6	0.852	1	0:00:15.898569
305	1	8	0.115	0	0:00:15.890110
310	8	8	0.438	1	0:00:15.890895
315	0	0	1.34	1	0:00:15.893247
320	3	3	0.184	1	0:00:15.894204
325	1	1	0.445	1	0:00:15.902545
330	1	1	0.819	1	0:00:15.903721
335	9	9	0.317	1	0:00:15.900667
340	2	4	0.473	0	0:00:15.894808
345	5	5	0.912	1	0:00:15.905019
350	9	9	0.944	1	0:00:15.904135
355	7	3	0.476	0	0:00:15.902079
360	9	9	0.11	1	0:00:15.903009
365	4	0	0.0591	0	0:00:15.892334
370	4	4	0.0346	1	0:00:15.894149
375	7	7	0.651	1	0:00:15.898923
380	6	6	0.446	1	0:00:15.898798
385	8	0	0.697	0	0:00:15.881658
390	1	1	1.35	1	0:00:15.898468
395	6	6	0.351	1	0:00:15.895005
400	9	9	0.69	1	0:00:15.893895
405	4	-1	0.0	0	0:00:15.902159
410	7	-1	0.0	0	0:00:15.896115
415	9	9	1.44	1	0:00:15.894685
420	4	4	0.644	1	0:00:15.895136
425	9	9	0.806	1	0:00:15.895420
430	2	-1	0.0	0	0:00:15.900895
435	7	7	0.307	1	0:00:15.900256
440	1	1	1.14	1	0:00:15.896726
445	7	2	0.0627	0	0:00:15.901361
450	2	2	0.175	1	0:00:15.896472
455	4	-1	0.0	0	0:00:15.897594
460	5	5	1.2	1	0:00:15.899239
465	4	6	0.659	0	0:00:15.897596
470	3	-1	0.0	0	0:00:15.898911
475	7	7	0.828	1	0:00:15.895991
480	8	9	0.263	0	0:00:15.895403
485	9	-1	0.0	0	0:00:15.902346
490	1	1	1.09	1	0:00:15.899654
495	8	8	0.944	1	0:00:15.887969
500	4	6	0.199	0	0:00:15.895827
505	4	4	0.299	1	0:00:15.892513
510	5	5	0.649	1	0:00:15.890205
515	3	6	0.2	0	0:00:15.900200
520	5	5	0.213	1	0:00:15.902394
525	5	-1	0.0	0	0:00:15.898535
530	9	9	0.821	1	0:00:15.893866
535	6	6	0.756	1	0:00:15.900077
540	1	1	0.26	1	0:00:15.897635
545	9	9	0.989	1	0:00:15.903167
550	5	2	0.292	0	0:00:15.903710
555	4	8	0.392	0	0:00:15.898422
560	0	0	1.51	1	0:00:15.893024
565	3	5	0.615	0	0:00:15.896776
570	6	6	0.52	1	0:00:15.901108
575	6	6	0.497	1	0:00:15.900521
580	4	4	0.615	1	0:00:15.900079
585	9	1	0.356	0	0:00:15.896577
590	6	6	1.37	1	0:00:15.897909
595	4	-1	0.0	0	0:00:15.903162
600	8	8	0.876	1	0:00:15.899448
605	6	6	1.56	1	0:00:15.901281
610	6	6	0.583	1	0:00:15.900694
615	8	-1	0.0	0	0:00:15.899742
620	7	7	0.46	1	0:00:15.898895
625	9	1	0.0498	0	0:00:15.893052
630	2	-1	0.0	0	0:00:15.895316
635	6	6	0.761	1	0:00:15.890682
640	5	3	0.292	0	0:00:15.898896
645	1	1	0.656	1	0:00:15.891170
650	3	3	1.17	1	0:00:15.896372
655	2	4	0.989	0	0:00:15.890207
660	9	9	1.26	1	0:00:15.897764
665	8	8	0.873	1	0:00:15.894121
670	6	6	1.0	1	0:00:15.890511
675	0	0	0.356	1	0:00:15.895782
680	9	-1	0.0	0	0:00:15.898190
685	6	-1	0.0	0	0:00:15.894476
690	3	-1	0.0	0	0:00:15.895121
695	3	4	0.588	0	0:00:15.899641
700	7	7	0.599	1	0:00:15.894878
705	4	4	0.494	1	0:00:15.898953
710	6	2	0.0424	0	0:00:15.899838
715	3	5	0.071	0	0:00:15.900243
720	4	4	0.0522	1	0:00:15.898568
725	2	8	0.0793	0	0:00:15.898469
730	4	-1	0.0	0	0:00:15.900779
735	4	2	0.0911	0	0:00:15.889744
740	2	5	0.329	0	0:00:15.900662
745	7	7	0.461	1	0:00:15.900206
750	9	9	1.37	1	0:00:15.893574
755	2	4	0.468	0	0:00:15.897373
760	3	3	0.0278	1	0:00:15.900552
765	2	2	0.799	1	0:00:15.894162
770	6	-1	0.0	0	0:00:15.901429
775	2	4	0.265	0	0:00:15.898726
780	9	9	0.203	1	0:00:15.898943
785	0	0	0.127	1	0:00:15.892842
790	3	0	1.91	0	0:00:15.889577
795	7	-1	0.0	0	0:00:15.898251
800	7	7	1.81	1	0:00:15.901022
805	4	6	0.0876	0	0:00:15.900458
810	5	3	0.141	0	0:00:15.895516
815	8	8	0.841	1	0:00:15.892433
820	6	-1	0.0	0	0:00:15.903271
825	3	6	0.0492	0	0:00:15.902262
830	1	1	0.623	1	0:00:15.900428
835	4	3	0.301	0	0:00:15.898608
840	7	7	1.45	1	0:00:15.894154
845	3	-1	0.0	0	0:00:15.900202
850	7	5	0.696	0	0:00:15.899410
855	7	7	0.967	1	0:00:15.897229
860	4	4	0.234	1	0:00:15.900441
865	1	1	1.31	1	0:00:15.898102
870	3	6	0.618	0	0:00:15.895908
875	8	8	0.62	1	0:00:15.892948
880	8	8	0.96	1	0:00:15.887072
885	0	0	1.13	1	0:00:15.888517
890	4	4	0.409	1	0:00:15.899757
895	1	1	0.402	1	0:00:15.900651
900	2	2	0.02	1	0:00:15.897259
905	7	-1	0.0	0	0:00:15.894122
910	5	5	0.0392	1	0:00:15.899858
915	1	1	1.53	1	0:00:15.897045
920	6	6	0.213	1	0:00:15.892122
925	5	3	1.43	0	0:00:15.895917
930	4	4	0.19	1	0:00:15.896608
935	2	2	1.15	1	0:00:15.889882
940	9	9	1.13	1	0:00:15.898169
945	3	3	0.168	1	0:00:15.892277
950	3	-1	0.0	0	0:00:15.891218
955	7	7	1.36	1	0:00:15.892298
960	9	9	0.846	1	0:00:15.890126
965	6	6	0.239	1	0:00:15.891145
970	9	9	1.26	1	0:00:15.894304
975	0	0	1.6	1	0:00:15.887690
980	2	6	0.292	0	0:00:15.893619
985	8	8	1.7	1	0:00:15.893578
990	1	1	0.541	1	0:00:15.894750
995	3	-1	0.0	0	0:00:15.893994
1000	5	5	1.75	1	0:00:15.891307
1005	1	1	0.777	1	0:00:15.895307
1010	0	0	1.91	1	0:00:15.881795
1015	4	6	0.131	0	0:00:15.882882
1020	1	1	1.49	1	0:00:15.893095
1025	5	5	0.823	1	0:00:15.891810
1030	3	-1	0.0	0	0:00:15.891767
1035	6	2	0.218	0	0:00:15.894714
1040	7	5	0.759	0	0:00:15.898758
1045	5	3	0.293	0	0:00:15.898019
1050	3	0	0.214	0	0:00:15.889773
1055	5	5	0.926	1	0:00:15.894426
1060	9	9	1.4	1	0:00:15.889735
1065	3	3	0.0247	1	0:00:15.886141
1070	3	3	0.0847	1	0:00:15.891928
1075	8	8	0.524	1	0:00:15.886528
1080	6	6	0.489	1	0:00:15.889916
1085	4	4	1.49	1	0:00:15.891744
1090	0	0	0.834	1	0:00:15.888398
1095	2	2	0.378	1	0:00:15.887078
1100	7	0	0.389	0	0:00:15.889670
1105	4	3	0.39	0	0:00:15.889746
1110	2	2	1.91	1	0:00:15.886935
1115	1	1	0.203	1	0:00:15.903089
1120	5	5	0.286	1	0:00:15.899030
1125	6	6	0.777	1	0:00:15.897694
1130	7	-1	0.0	0	0:00:15.897007
1135	6	6	0.287	1	0:00:15.889215
1140	6	6	0.223	1	0:00:15.896297
1145	4	-1	0.0	0	0:00:15.896535
1150	2	7	0.00996	0	0:00:15.892308
1155	9	9	0.717	1	0:00:15.893671
1160	8	8	0.441	1	0:00:15.896446
1165	0	0	1.48	1	0:00:15.892528
1170	7	-1	0.0	0	0:00:15.891043
1175	9	9	0.442	1	0:00:15.899818
1180	3	3	0.678	1	0:00:15.896482
1185	1	8	0.196	0	0:00:15.897393
1190	1	1	0.93	1	0:00:15.898145
1195	6	6	1.91	1	0:00:15.892024
1200	8	8	1.01	1	0:00:15.896077
1205	8	8	0.522	1	0:00:15.890453
1210	0	0	0.865	1	0:00:15.898137
1215	7	7	1.33	1	0:00:15.897251
1220	9	-1	0.0	0	0:00:15.893730
1225	6	6	0.91	1	0:00:15.897183
1230	5	3	0.0926	0	0:00:15.890584
1235	5	5	0.459	1	0:00:15.893727
1240	2	6	1.08	0	0:00:15.892024
1245	6	6	0.423	1	0:00:15.894264
1250	7	7	1.12	1	0:00:15.902988
1255	4	4	0.366	1	0:00:15.897559
1260	1	9	0.524	0	0:00:15.898775
1265	9	1	0.769	0	0:00:15.899085
1270	1	1	0.0405	1	0:00:15.899212
1275	3	3	0.323	1	0:00:15.900270
1280	3	-1	0.0	0	0:00:15.896124
1285	9	-1	0.0	0	0:00:15.898117
1290	5	5	0.393	1	0:00:15.898850
1295	0	0	1.39	1	0:00:15.889930
1300	4	3	0.236	0	0:00:15.892609
1305	9	9	0.828	1	0:00:15.899488
1310	0	0	1.65	1	0:00:15.900942
1315	4	2	0.0151	0	0:00:15.889453
1320	7	2	0.152	0	0:00:15.894981
1325	2	2	0.0721	1	0:00:15.896116
1330	2	-1	0.0	0	0:00:15.897698
1335	1	1	1.57	1	0:00:15.892008
1340	1	1	0.855	1	0:00:15.890786
1345	4	2	0.0845	0	0:00:15.887863
1350	4	6	0.245	0	0:00:15.895209
1355	5	3	0.107	0	0:00:15.894148
1360	7	7	0.688	1	0:00:15.894342
1365	0	0	1.55	1	0:00:15.885998
1370	9	9	1.12	1	0:00:15.897329
1375	4	4	0.97	1	0:00:15.889070
1380	4	5	0.645	0	0:00:15.887997
1385	5	5	0.183	1	0:00:15.897015
1390	6	6	1.16	1	0:00:15.896979
1395	3	-1	0.0	0	0:00:15.898952
1400	5	3	0.17	0	0:00:15.895872
1405	1	-1	0.0	0	0:00:15.897734
1410	1	1	1.6	1	0:00:15.892673
1415	7	7	0.97	1	0:00:15.893973
1420	4	7	0.0793	0	0:00:15.893377
1425	4	3	0.163	0	0:00:15.895053
1430	8	8	0.117	1	0:00:15.897323
1435	1	1	0.838	1	0:00:15.895822
1440	0	8	0.176	0	0:00:15.895968
1445	3	3	0.355	1	0:00:15.902023
1450	2	2	0.824	1	0:00:15.892109
1455	6	6	1.0	1	0:00:15.888474
1460	6	6	1.15	1	0:00:15.894447
1465	9	-1	0.0	0	0:00:15.884814
1470	7	-1	0.0	0	0:00:15.890284
1475	9	9	1.2	1	0:00:15.889800
1480	1	1	0.000588	1	0:00:15.897870
1485	0	0	0.882	1	0:00:15.884067
1490	8	8	1.04	1	0:00:15.896444
1495	2	0	0.0802	0	0:00:15.888817
1500	1	1	1.07	1	0:00:15.896974
1505	2	-1	0.0	0	0:00:15.901030
1510	8	-1	0.0	0	0:00:15.891499
1515	2	2	0.969	1	0:00:15.896256
1520	7	7	0.927	1	0:00:15.895306
1525	3	-1	0.0	0	0:00:15.887341
1530	3	9	0.216	0	0:00:15.897940
1535	4	2	0.45	0	0:00:15.896773
1540	8	8	1.01	1	0:00:15.897079
1545	1	1	0.184	1	0:00:15.900709
1550	6	6	1.1	1	0:00:15.899641
1555	0	0	1.29	1	0:00:15.891800
1560	7	7	1.91	1	0:00:15.898940
1565	6	6	0.552	1	0:00:15.902028
1570	4	-1	0.0	0	0:00:15.902755
1575	2	2	0.0206	1	0:00:15.901380
1580	6	1	0.235	0	0:00:15.901074
1585	7	7	1.28	1	0:00:15.896700
1590	4	0	0.0228	0	0:00:15.895550
1595	3	-1	0.0	0	0:00:15.894270
1600	8	9	0.124	0	0:00:15.895895
1605	3	2	0.601	0	0:00:15.898531
1610	2	-1	0.0	0	0:00:15.897175
1615	7	7	0.431	1	0:00:15.894398
1620	5	-1	0.0	0	0:00:15.901772
1625	3	3	0.329	1	0:00:15.896446
1630	9	9	0.545	1	0:00:15.901158
1635	7	7	0.631	1	0:00:15.902344
1640	7	3	0.0415	0	0:00:15.907344
1645	4	4	0.682	1	0:00:15.902333
1650	5	5	1.91	1	0:00:15.902017
1655	8	8	1.22	1	0:00:15.899391
1660	3	-1	0.0	0	0:00:15.901623
1665	6	6	1.17	1	0:00:15.902843
1670	6	4	0.482	0	0:00:15.902628
1675	5	-1	0.0	0	0:00:15.901192
1680	6	6	1.36	1	0:00:15.895724
1685	8	-1	0.0	0	0:00:15.899713
1690	2	0	0.12	0	0:00:15.894620
1695	9	9	1.1	1	0:00:15.891263
1700	5	3	0.156	0	0:00:15.893010
1705	0	0	1.91	1	0:00:15.901510
1710	4	-1	0.0	0	0:00:15.898631
1715	3	-1	0.0	0	0:00:15.897221
1720	4	4	0.0464	1	0:00:15.888753
1725	0	0	1.58	1	0:00:15.891070
1730	4	0	0.434	0	0:00:15.895484
1735	0	0	0.482	1	0:00:15.891674
1740	1	1	0.09	1	0:00:15.891576
1745	5	5	0.805	1	0:00:15.897514
1750	8	8	0.567	1	0:00:15.894945
1755	7	7	0.106	1	0:00:15.897782
1760	0	0	0.455	1	0:00:15.893691
1765	4	6	0.0653	0	0:00:15.897318
1770	7	7	0.215	1	0:00:15.898160
1775	3	3	0.436	1	0:00:15.897244
1780	7	7	0.239	1	0:00:15.893883
1785	0	-1	0.0	0	0:00:15.890502
1790	7	5	0.686	0	0:00:15.896915
1795	6	6	0.515	1	0:00:15.900764
1800	4	4	0.125	1	0:00:15.898981
1805	8	8	0.743	1	0:00:15.890744
1810	1	1	0.505	1	0:00:15.895850
1815	9	9	0.826	1	0:00:15.899402
1820	8	8	0.556	1	0:00:15.892574
1825	2	2	1.56	1	0:00:15.891215
1830	3	2	0.0588	0	0:00:15.896232
1835	0	4	0.116	0	0:00:15.892517
1840	8	-1	0.0	0	0:00:15.899018
1845	7	7	0.00425	1	0:00:15.893203
1850	1	3	0.0572	0	0:00:15.888379
1855	5	5	0.359	1	0:00:15.898728
1860	8	8	1.27	1	0:00:15.892661
1865	7	-1	0.0	0	0:00:15.893192
1870	2	2	1.73	1	0:00:15.887580
1875	0	0	1.91	1	0:00:15.884863
1880	1	1	0.892	1	0:00:15.895868
1885	5	5	0.842	1	0:00:15.890930
1890	6	6	0.251	1	0:00:15.892253
1895	8	-1	0.0	0	0:00:15.892697
1900	8	8	1.61	1	0:00:15.890095
1905	3	2	0.658	0	0:00:15.899729
1910	4	4	0.579	1	0:00:15.894317
1915	9	9	1.48	1	0:00:15.895145
1920	2	2	1.14	1	0:00:15.893735
1925	1	1	0.569	1	0:00:15.894928
1930	1	9	0.234	0	0:00:15.888804
1935	6	2	0.163	0	0:00:15.893867
1940	5	5	0.662	1	0:00:15.895833
1945	4	-1	0.0	0	0:00:15.891368
1950	5	-1	0.0	0	0:00:15.896211
1955	2	7	1.61	0	0:00:15.892392
1960	2	5	0.756	0	0:00:15.897458
1965	0	0	0.652	1	0:00:15.891491
1970	1	1	0.808	1	0:00:15.896414
1975	6	6	0.0663	1	0:00:15.894857
1980	9	9	1.52	1	0:00:15.895557
1985	6	2	0.317	0	0:00:15.891064
1990	4	-1	0.0	0	0:00:15.901500
1995	2	2	0.307	1	0:00:15.900554
2000	1	1	0.167	1	0:00:15.900728
2005	5	5	0.219	1	0:00:15.900005
2010	7	3	0.0447	0	0:00:15.896563
2015	4	4	0.168	1	0:00:15.899901
2020	9	9	1.4	1	0:00:15.896521
2025	4	2	0.365	0	0:00:15.889214
2030	4	-1	0.0	0	0:00:15.899283
2035	6	6	0.414	1	0:00:15.893704
2040	0	0	0.837	1	0:00:15.894186
2045	1	1	0.554	1	0:00:15.900396
2050	8	8	0.681	1	0:00:15.889776
2055	5	5	0.466	1	0:00:15.895436
2060	5	5	0.131	1	0:00:15.893503
2065	2	-1	0.0	0	0:00:15.898475
2070	2	4	0.379	0	0:00:15.893791
2075	4	-1	0.0	0	0:00:15.893014
2080	1	9	0.147	0	0:00:15.899159
2085	0	0	0.261	1	0:00:15.891898
2090	2	2	1.21	1	0:00:15.892043
2095	0	0	0.704	1	0:00:15.891750
2100	2	2	0.228	1	0:00:15.896853
2105	6	6	0.425	1	0:00:15.899889
2110	0	0	0.453	1	0:00:15.895853
2115	5	5	0.0201	1	0:00:15.898397
2120	4	8	0.621	0	0:00:15.895061
2125	1	1	0.496	1	0:00:15.898057
2130	0	0	1.04	1	0:00:15.895329
2135	8	8	1.29	1	0:00:15.898085
2140	9	9	1.29	1	0:00:15.901870
2145	7	4	0.496	0	0:00:15.895112
2150	9	9	0.383	1	0:00:15.892541
2155	9	0	0.0461	0	0:00:15.890091
2160	0	0	0.202	1	0:00:15.892461
2165	2	0	0.36	0	0:00:15.897073
2170	2	2	1.38	1	0:00:15.891217
2175	3	-1	0.0	0	0:00:15.899178
2180	4	4	0.733	1	0:00:15.898675
2185	0	0	0.481	1	0:00:15.896673
2190	9	9	0.385	1	0:00:15.895080
2195	4	-1	0.0	0	0:00:15.894513
2200	0	0	0.43	1	0:00:15.886938
2205	5	5	0.237	1	0:00:15.895075
2210	2	2	0.257	1	0:00:15.883876
2215	0	0	0.392	1	0:00:15.894557
2220	1	1	1.33	1	0:00:15.895792
2225	7	7	1.24	1	0:00:15.894140
2230	3	3	0.357	1	0:00:15.898893
2235	2	2	1.37	1	0:00:15.898809
2240	9	9	0.378	1	0:00:15.894217
2245	8	8	0.344	1	0:00:15.890808
2250	7	7	0.407	1	0:00:15.895381
2255	1	8	0.0734	0	0:00:15.896651
2260	4	4	0.22	1	0:00:15.895489
2265	8	8	1.37	1	0:00:15.889597
2270	2	2	0.226	1	0:00:15.889599
2275	6	-1	0.0	0	0:00:15.889216
2280	4	-1	0.0	0	0:00:15.890985
2285	3	5	0.59	0	0:00:15.891085
2290	9	9	1.36	1	0:00:15.895923
2295	8	8	0.596	1	0:00:15.890966
2300	3	-1	0.0	0	0:00:15.898274
2305	9	2	0.326	0	0:00:15.894920
2310	6	-1	0.0	0	0:00:15.896775
2315	2	-1	0.0	0	0:00:15.885706
2320	5	2	0.677	0	0:00:15.889372
2325	7	-1	0.0	0	0:00:15.890215
2330	0	0	0.964	1	0:00:15.889771
2335	5	3	0.154	0	0:00:15.895351
2340	7	7	1.42	1	0:00:15.892588
2345	1	1	0.448	1	0:00:15.888446
2350	3	-1	0.0	0	0:00:15.889997
2355	9	0	0.267	0	0:00:15.891239
2360	7	7	0.0319	1	0:00:15.893172
2365	7	5	0.264	0	0:00:15.892432
2370	0	0	0.919	1	0:00:15.897267
2375	0	0	0.412	1	0:00:15.888087
2380	8	8	0.813	1	0:00:15.889266
2385	4	-1	0.0	0	0:00:15.890880
2390	1	-1	0.0	0	0:00:15.893695
2395	7	-1	0.0	0	0:00:15.885830
2400	0	0	1.32	1	0:00:15.877618
2405	3	6	1.91	0	0:00:15.893138
2410	3	3	0.498	1	0:00:15.897017
2415	6	6	0.00915	1	0:00:15.896133
2420	8	-1	0.0	0	0:00:15.892862
2425	0	0	0.181	1	0:00:15.890534
2430	7	7	0.477	1	0:00:15.894279
2435	6	6	0.4	1	0:00:15.890528
2440	7	7	0.587	1	0:00:15.894553
2445	6	6	1.32	1	0:00:15.894897
2450	1	1	1.59	1	0:00:15.891263
2455	6	6	0.028	1	0:00:15.892052
2460	9	-1	0.0	0	0:00:15.893148
2465	9	9	0.862	1	0:00:15.889431
2470	7	7	1.5	1	0:00:15.893575
2475	6	6	1.43	1	0:00:15.893657
2480	8	8	1.07	1	0:00:15.892562
2485	6	6	1.25	1	0:00:15.894038
2490	0	0	0.573	1	0:00:15.894411
2495	9	8	0.78	0	0:00:15.898394
2500	4	4	0.208	1	0:00:15.892616
2505	7	9	0.118	0	0:00:15.896511
2510	4	-1	0.0	0	0:00:15.893823
2515	2	6	0.441	0	0:00:15.891791
2520	1	1	0.445	1	0:00:15.892627
2525	5	3	0.043	0	0:00:15.891189
2530	6	6	0.453	1	0:00:15.886377
2535	0	-1	0.0	0	0:00:15.894738
2540	2	3	0.104	0	0:00:15.894426
2545	4	7	0.14	0	0:00:15.889989
2550	4	4	0.14	1	0:00:15.893189
2555	7	9	0.572	0	0:00:15.896400
2560	7	7	0.555	1	0:00:15.892116
2565	3	-1	0.0	0	0:00:15.886922
2570	0	-1	0.0	0	0:00:15.884767
2575	5	4	0.572	0	0:00:15.892373
2580	6	-1	0.0	0	0:00:15.892813
2585	3	-1	0.0	0	0:00:15.893504
2590	5	3	0.728	0	0:00:15.896589
2595	4	6	0.125	0	0:00:15.899305
2600	8	8	1.46	1	0:00:15.892111
2605	4	7	0.321	0	0:00:15.895282
2610	2	2	1.46	1	0:00:15.890132
2615	7	7	0.5	1	0:00:15.893070
2620	1	1	0.268	1	0:00:15.896923
2625	2	2	1.0	1	0:00:15.893666
2630	2	-1	0.0	0	0:00:15.898909
2635	6	4	0.0169	0	0:00:15.895816
2640	7	7	1.34	1	0:00:15.895430
2645	1	1	1.87	1	0:00:15.894757
2650	5	9	0.293	0	0:00:15.899053
2655	4	0	0.586	0	0:00:15.892835
2660	3	-1	0.0	0	0:00:15.891496
2665	1	1	1.91	1	0:00:15.897668
2670	9	9	0.0323	1	0:00:15.896177
2675	2	2	0.119	1	0:00:15.890403
2680	0	0	1.45	1	0:00:15.885992
2685	2	4	0.896	0	0:00:15.895315
2690	2	-1	0.0	0	0:00:15.895115
2695	2	2	0.0173	1	0:00:15.894018
2700	9	9	0.328	1	0:00:15.895783
2705	8	0	0.515	0	0:00:15.890831
2710	7	7	1.26	1	0:00:15.897540
2715	0	0	1.08	1	0:00:15.893718
2720	3	3	0.273	1	0:00:15.894534
2725	8	8	1.05	1	0:00:15.891677
2730	6	6	0.517	1	0:00:15.896518
2735	2	-1	0.0	0	0:00:15.894753
2740	1	1	0.51	1	0:00:15.895707
2745	8	8	1.91	1	0:00:15.898501
2750	5	5	1.91	1	0:00:15.895627
2755	5	7	0.386	0	0:00:15.891773
2760	2	2	0.842	1	0:00:15.898004
2765	9	9	0.469	1	0:00:15.895732
2770	7	-1	0.0	0	0:00:15.897863
2775	3	3	0.733	1	0:00:15.899873
2780	7	7	1.84	1	0:00:15.895613
2785	4	-1	0.0	0	0:00:15.900680
2790	8	8	1.75	1	0:00:15.887427
2795	3	3	1.36	1	0:00:15.892271
2800	4	-1	0.0	0	0:00:15.896504
2805	4	4	0.164	1	0:00:15.890135
2810	9	-1	0.0	0	0:00:15.892649
2815	3	3	0.429	1	0:00:15.895906
2820	6	6	1.31	1	0:00:15.900340
2825	2	-1	0.0	0	0:00:15.897848
2830	6	6	1.14	1	0:00:15.894358
2835	4	4	0.518	1	0:00:15.895253
2840	3	7	0.139	0	0:00:15.888103
2845	5	6	0.374	0	0:00:15.896737
2850	5	5	1.8	1	0:00:15.893627
2855	3	-1	0.0	0	0:00:15.898047
2860	5	-1	0.0	0	0:00:15.894017
2865	6	6	0.325	1	0:00:15.898545
2870	8	8	0.419	1	0:00:15.890582
2875	1	1	0.00971	1	0:00:15.891844
2880	4	4	1.22	1	0:00:15.895234
2885	5	5	1.87	1	0:00:15.896582
2890	5	5	0.467	1	0:00:15.897393
2895	7	5	1.46	0	0:00:15.897861
2900	3	-1	0.0	0	0:00:15.900971
2905	4	-1	0.0	0	0:00:15.892118
2910	8	8	0.255	1	0:00:15.899446
2915	5	5	1.72	1	0:00:15.900687
2920	2	3	0.435	0	0:00:15.891893
2925	4	-1	0.0	0	0:00:15.902925
2930	7	-1	0.0	0	0:00:15.898007
2935	8	8	0.217	1	0:00:15.896696
2940	3	-1	0.0	0	0:00:15.889845
2945	7	-1	0.0	0	0:00:15.894917
2950	1	-1	0.0	0	0:00:15.898928
2955	2	-1	0.0	0	0:00:15.898744
2960	9	9	0.904	1	0:00:15.894389
2965	7	7	0.153	1	0:00:15.900735
2970	5	5	0.528	1	0:00:15.900908
2975	9	-1	0.0	0	0:00:15.896672
2980	8	8	0.361	1	0:00:15.896173
2985	2	9	0.196	0	0:00:15.897264
2990	4	4	0.431	1	0:00:15.892750
2995	4	4	0.191	1	0:00:15.899855
3000	5	5	1.7	1	0:00:15.898790
3005	0	-1	0.0	0	0:00:15.899145
3010	6	6	1.15	1	0:00:15.899972
3015	6	6	0.73	1	0:00:15.901864
3020	1	1	0.641	1	0:00:15.900713
3025	2	-1	0.0	0	0:00:15.901138
3030	6	6	0.198	1	0:00:15.901186
3035	3	3	1.02	1	0:00:15.897389
3040	7	7	1.91	1	0:00:15.897415
3045	5	5	0.887	1	0:00:15.896659
3050	0	0	0.146	1	0:00:15.892068
3055	9	9	0.475	1	0:00:15.897542
3060	7	7	0.591	1	0:00:15.897737
3065	3	3	0.546	1	0:00:15.898084
3070	0	0	0.629	1	0:00:15.883079
3075	6	3	0.676	0	0:00:15.894307
3080	1	-1	0.0	0	0:00:15.893278
3085	2	6	0.385	0	0:00:15.901403
3090	4	4	0.936	1	0:00:15.895222
3095	4	2	0.154	0	0:00:15.894094
3100	0	0	1.06	1	0:00:15.885772
3105	1	1	0.0598	1	0:00:15.889205
3110	7	3	0.725	0	0:00:15.889131
3115	5	2	0.0792	0	0:00:15.889988
3120	4	6	0.277	0	0:00:15.894021
3125	3	3	0.516	1	0:00:15.892143
3130	3	5	0.348	0	0:00:15.893375
3135	7	7	0.0542	1	0:00:15.895506
3140	8	8	0.762	1	0:00:15.884066
3145	9	-1	0.0	0	0:00:15.892689
3150	1	9	0.288	0	0:00:15.891110
3155	8	8	1.32	1	0:00:15.884989
3160	6	2	0.202	0	0:00:15.896221
3165	1	1	0.461	1	0:00:15.892132
3170	9	9	1.15	1	0:00:15.890062
3175	1	1	0.586	1	0:00:15.884866
3180	3	3	0.173	1	0:00:15.889257
3185	2	6	0.35	0	0:00:15.894828
3190	3	3	0.334	1	0:00:15.884533
3195	5	6	0.405	0	0:00:15.887471
3200	5	7	0.339	0	0:00:15.894155
3205	8	8	0.477	1	0:00:15.892502
3210	9	9	1.11	1	0:00:15.895059
3215	1	1	0.812	1	0:00:15.889231
3220	3	9	0.0633	0	0:00:15.893021
3225	9	9	1.19	1	0:00:15.891015
3230	3	-1	0.0	0	0:00:15.890817
3235	5	5	0.191	1	0:00:15.888552
3240	4	-1	0.0	0	0:00:15.897144
3245	7	7	0.609	1	0:00:15.893365
3250	2	6	0.771	0	0:00:15.895692
3255	5	5	0.33	1	0:00:15.893273
3260	7	-1	0.0	0	0:00:15.889484
3265	8	8	0.882	1	0:00:15.888107
3270	8	8	0.311	1	0:00:15.884894
3275	5	7	1.06	0	0:00:15.897079
3280	3	5	0.355	0	0:00:15.888135
3285	1	1	0.653	1	0:00:15.892565
3290	5	5	1.56	1	0:00:15.895622
3295	9	9	0.858	1	0:00:15.895087
3300	4	4	0.039	1	0:00:15.894523
3305	9	9	1.7	1	0:00:15.889210
3310	6	6	0.209	1	0:00:15.891972
3315	3	3	0.269	1	0:00:15.891717
3320	2	7	1.23	0	0:00:15.895440
3325	6	8	0.0406	0	0:00:15.892493
3330	7	7	0.341	1	0:00:15.895391
3335	0	1	0.0541	0	0:00:15.893939
3340	6	6	0.167	1	0:00:15.894680
3345	7	7	1.91	1	0:00:15.895172
3350	8	8	0.854	1	0:00:15.891908
3355	5	-1	0.0	0	0:00:15.886882
3360	4	-1	0.0	0	0:00:15.898656
3365	9	9	1.03	1	0:00:15.896193
3370	1	1	1.31	1	0:00:15.894028
3375	4	-1	0.0	0	0:00:15.896193
3380	8	8	0.735	1	0:00:15.890239
3385	8	0	0.00843	0	0:00:15.886276
3390	3	5	1.14	0	0:00:15.896277
3395	9	9	0.805	1	0:00:15.895734
3400	6	4	0.601	0	0:00:15.890426
3405	7	7	1.41	1	0:00:15.894603
3410	4	4	0.826	1	0:00:15.897300
3415	7	5	0.439	0	0:00:15.896392
3420	5	-1	0.0	0	0:00:15.893716
3425	0	-1	0.0	0	0:00:15.892893
3430	8	8	1.05	1	0:00:15.888754
3435	6	6	1.78	1	0:00:15.892556
3440	2	3	0.204	0	0:00:15.898653
3445	0	0	1.91	1	0:00:15.900498
3450	9	3	0.209	0	0:00:15.895697
3455	6	6	1.08	1	0:00:15.891797
3460	1	1	0.811	1	0:00:15.892749
3465	6	6	0.757	1	0:00:15.893408
3470	7	7	0.138	1	0:00:15.892866
3475	0	2	0.177	0	0:00:15.890300
3480	2	2	1.84	1	0:00:15.888260
3485	1	1	0.149	1	0:00:15.888551
3490	0	8	0.485	0	0:00:15.890381
3495	2	5	0.715	0	0:00:15.895553
3500	1	-1	0.0	0	0:00:15.897034
3505	4	-1	0.0	0	0:00:15.891804
3510	4	4	0.0661	1	0:00:15.891671
3515	8	8	0.861	1	0:00:15.892321
3520	1	1	1.52	1	0:00:15.896940
3525	2	-1	0.0	0	0:00:15.894406
3530	6	6	1.53	1	0:00:15.898777
3535	5	-1	0.0	0	0:00:15.893639
3540	6	6	1.21	1	0:00:15.896801
3545	4	4	1.26	1	0:00:15.894167
3550	0	4	0.0653	0	0:00:15.895880
3555	6	6	0.309	1	0:00:15.895214
3560	1	9	0.00771	0	0:00:15.893257
3565	1	1	1.52	1	0:00:15.889014
3570	3	3	0.343	1	0:00:15.896025
3575	3	3	0.523	1	0:00:15.894699
3580	4	4	0.0977	1	0:00:15.893932
3585	8	8	1.26	1	0:00:15.883822
3590	7	7	0.94	1	0:00:15.887740
3595	2	-1	0.0	0	0:00:15.891793
3600	4	2	0.78	0	0:00:15.894120
3605	6	-1	0.0	0	0:00:15.891195
3610	5	5	0.0399	1	0:00:15.892364
3615	6	-1	0.0	0	0:00:15.895748
3620	0	0	0.0362	1	0:00:15.888191
3625	8	8	0.617	1	0:00:15.889784
3630	8	8	0.902	1	0:00:15.892770
3635	4	4	0.472	1	0:00:15.889453
3640	6	2	0.543	0	0:00:15.893926
3645	1	9	0.52	0	0:00:15.893605
3650	0	0	1.72	1	0:00:15.885085
3655	9	9	1.15	1	0:00:15.895569
3660	0	0	0.744	1	0:00:15.887189
3665	7	-1	0.0	0	0:00:15.891880
3670	9	9	0.143	1	0:00:15.886368
3675	4	4	1.16	1	0:00:15.891738
3680	0	4	0.0151	0	0:00:15.894223
3685	2	2	0.783	1	0:00:15.886541
3690	9	9	0.92	1	0:00:15.892057
3695	8	8	1.91	1	0:00:15.892128
3700	3	3	0.109	1	0:00:15.893213
3705	8	8	0.595	1	0:00:15.894920
3710	2	4	0.0123	0	0:00:15.889659
3715	1	1	0.0522	1	0:00:15.894524
3720	2	2	1.4	1	0:00:15.891345
3725	2	-1	0.0	0	0:00:15.896056
3730	1	1	0.0633	1	0:00:15.894343
3735	5	-1	0.0	0	0:00:15.894172
3740	0	0	1.37	1	0:00:15.888721
3745	1	1	1.69	1	0:00:15.892972
3750	9	-1	0.0	0	0:00:15.890327
3755	9	-1	0.0	0	0:00:15.894425
3760	7	7	1.75	1	0:00:15.896487
3765	0	1	0.351	0	0:00:15.890697
3770	9	9	0.167	1	0:00:15.890116
3775	6	6	1.21	1	0:00:15.895602
3780	4	4	0.211	1	0:00:15.887663
3785	6	6	0.73	1	0:00:15.896794
3790	4	4	0.244	1	0:00:15.893055
3795	7	7	0.171	1	0:00:15.894063
3800	9	9	0.997	1	0:00:15.896537
3805	9	9	1.47	1	0:00:15.893695
3810	3	5	0.846	0	0:00:15.889000
3815	2	4	0.183	0	0:00:15.891290
3820	0	0	0.34	1	0:00:15.893580
3825	0	0	1.55	1	0:00:15.884582
3830	5	5	0.204	1	0:00:15.891668
3835	3	5	0.756	0	0:00:15.894873
3840	6	3	0.497	0	0:00:15.891976
3845	0	0	1.22	1	0:00:15.890245
3850	9	9	0.428	1	0:00:15.895211
3855	1	1	1.32	1	0:00:15.900365
3860	7	7	1.87	1	0:00:15.892157
3865	7	7	0.735	1	0:00:15.889291
3870	8	-1	0.0	0	0:00:15.888653
3875	2	2	0.466	1	0:00:15.893454
3880	6	-1	0.0	0	0:00:15.890401
3885	6	6	0.146	1	0:00:15.897756
3890	7	7	0.861	1	0:00:15.893435
3895	1	1	0.599	1	0:00:15.896969
3900	3	3	0.374	1	0:00:15.882705
3905	2	2	0.295	1	0:00:15.893777
3910	4	7	0.0529	0	0:00:15.893558
3915	4	-1	0.0	0	0:00:15.895947
3920	7	9	0.154	0	0:00:15.894495
3925	1	1	1.35	1	0:00:15.896305
3930	1	1	0.534	1	0:00:15.897775
3935	4	-1	0.0	0	0:00:15.890317
3940	6	-1	0.0	0	0:00:15.894537
3945	5	5	0.331	1	0:00:15.895549
3950	8	8	0.66	1	0:00:15.889794
3955	0	0	1.22	1	0:00:15.893382
3960	2	2	0.632	1	0:00:15.901864
3965	0	0	1.09	1	0:00:15.893312
3970	9	-1	0.0	0	0:00:15.902229
3975	7	7	1.18	1	0:00:15.898425
3980	9	9	0.0274	1	0:00:15.902901
3985	7	7	0.588	1	0:00:15.897573
3990	4	2	0.06	0	0:00:15.891365
3995	7	-1	0.0	0	0:00:15.898339
4000	8	0	0.0746	0	0:00:15.894814
4005	5	5	0.52	1	0:00:15.890036
4010	7	-1	0.0	0	0:00:15.892789
4015	1	1	0.768	1	0:00:15.898660
4020	8	8	1.29	1	0:00:15.889743
4025	1	1	0.899	1	0:00:15.898293
4030	1	1	0.772	1	0:00:15.898555
4035	2	2	0.367	1	0:00:15.896522
4040	0	0	0.695	1	0:00:15.887668
4045	7	7	0.611	1	0:00:15.895184
4050	3	2	0.0518	0	0:00:15.890324
4055	1	-1	0.0	0	0:00:15.892548
4060	6	6	0.494	1	0:00:15.887468
4065	4	4	0.303	1	0:00:15.892466
4070	9	9	1.33	1	0:00:15.890700
4075	2	2	0.507	1	0:00:15.888963
4080	1	1	0.848	1	0:00:15.895336
4085	8	-1	0.0	0	0:00:15.890761
4090	4	2	0.213	0	0:00:15.889024
4095	8	4	0.0166	0	0:00:15.888204
4100	7	7	1.91	1	0:00:15.894161
4105	7	7	0.312	1	0:00:15.891476
4110	2	2	0.664	1	0:00:15.888732
4115	8	9	0.172	0	0:00:15.887864
4120	4	4	1.11	1	0:00:15.886142
4125	8	-1	0.0	0	0:00:15.893707
4130	6	6	1.33	1	0:00:15.896153
4135	1	2	0.278	0	0:00:15.898055
4140	5	5	0.878	1	0:00:15.900256
4145	8	8	1.59	1	0:00:15.887769
4150	6	6	1.05	1	0:00:15.898071
4155	3	3	0.306	1	0:00:15.893804
4160	5	5	0.396	1	0:00:15.894058
4165	8	-1	0.0	0	0:00:15.892638
4170	1	-1	0.0	0	0:00:15.898355
4175	3	-1	0.0	0	0:00:15.894778
4180	0	0	0.0925	1	0:00:15.892205
4185	7	7	0.734	1	0:00:15.894626
4190	3	7	0.366	0	0:00:15.900203
4195	3	3	1.43	1	0:00:15.894994
4200	4	4	0.02	1	0:00:15.891161
4205	4	7	0.0743	0	0:00:15.895486
4210	3	5	0.166	0	0:00:15.896651
4215	1	1	0.54	1	0:00:15.896473
4220	4	0	1.47	0	0:00:15.888188
4225	5	5	0.518	1	0:00:15.901561
4230	6	-1	0.0	0	0:00:15.897400
4235	9	9	1.91	1	0:00:15.896102
4240	7	0	0.632	0	0:00:15.891928
4245	1	1	0.834	1	0:00:15.897975
4250	1	-1	0.0	0	0:00:15.901004
4255	9	9	0.468	1	0:00:15.900144
4260	8	8	1.16	1	0:00:15.894400
4265	6	6	0.555	1	0:00:15.895052
4270	0	0	0.452	1	0:00:15.887599
4275	5	5	0.913	1	0:00:15.897203
4280	8	0	0.142	0	0:00:15.889112
4285	1	3	0.369	0	0:00:15.888578
4290	2	2	0.0777	1	0:00:15.897928
4295	0	0	1.68	1	0:00:15.890831
4300	8	8	1.0	1	0:00:15.893704
4305	0	0	1.32	1	0:00:15.889591
4310	4	7	0.119	0	0:00:15.893514
4315	6	-1	0.0	0	0:00:15.890939
4320	1	8	0.363	0	0:00:15.882173
4325	6	6	0.419	1	0:00:15.890385
4330	9	9	1.91	1	0:00:15.893317
4335	9	9	0.957	1	0:00:15.880501
4340	0	0	1.18	1	0:00:15.886491
4345	6	-1	0.0	0	0:00:15.888840
4350	4	4	0.617	1	0:00:15.888644
4355	0	3	0.144	0	0:00:15.888133
4360	6	6	0.348	1	0:00:15.891202
4365	9	9	0.74	1	0:00:15.893831
4370	8	8	1.87	1	0:00:15.893153
4375	3	-1	0.0	0	0:00:15.885404
4380	9	9	0.125	1	0:00:15.893216
4385	8	8	0.255	1	0:00:15.893486
4390	5	5	1.54	1	0:00:15.895265
4395	7	7	1.81	1	0:00:15.892330
4400	3	4	0.0667	0	0:00:15.890708
4405	6	6	1.22	1	0:00:15.898129
4410	9	-1	0.0	0	0:00:15.893118
4415	0	0	1.13	1	0:00:15.882892
4420	5	-1	0.0	0	0:00:15.892203
4425	1	1	0.651	1	0:00:15.893405
4430	1	1	0.829	1	0:00:15.883986
4435	3	3	0.228	1	0:00:15.898847
4440	2	2	0.386	1	0:00:15.897454
4445	9	-1	0.0	0	0:00:15.897108
4450	0	0	0.174	1	0:00:15.888258
4455	8	8	1.2	1	0:00:15.891286
4460	9	9	0.548	1	0:00:15.893820
4465	6	6	0.312	1	0:00:15.895844
4470	0	0	0.488	1	0:00:15.889996
4475	1	1	0.885	1	0:00:15.884300
4480	9	9	1.25	1	0:00:15.898436
4485	3	7	0.0696	0	0:00:15.892055
4490	0	0	0.392	1	0:00:15.892978
4495	3	3	0.542	1	0:00:15.895020
4500	3	5	0.167	0	0:00:15.893557
4505	4	4	1.6	1	0:00:15.890878
4510	0	0	1.33	1	0:00:15.887490
4515	0	0	1.91	1	0:00:15.882336
4520	3	6	0.175	0	0:00:15.892214
4525	0	0	0.536	1	0:00:15.891833
4530	5	-1	0.0	0	0:00:15.883666
4535	2	2	0.548	1	0:00:15.894634
4540	9	9	1.49	1	0:00:15.894298
4545	3	3	0.509	1	0:00:15.899720
4550	9	3	0.442	0	0:00:15.893667
4555	5	5	0.102	1	0:00:15.901812
4560	1	1	1.15	1	0:00:15.899345
4565	2	4	0.909	0	0:00:15.899652
4570	9	9	0.188	1	0:00:15.897888
4575	6	6	0.683	1	0:00:15.896891
4580	6	6	0.0994	1	0:00:15.901622
4585	8	0	0.331	0	0:00:15.895785
4590	9	2	1.04	0	0:00:15.898625
4595	9	-1	0.0	0	0:00:15.901484
4600	4	7	0.283	0	0:00:15.895403
4605	3	3	0.372	1	0:00:15.896411
4610	6	-1	0.0	0	0:00:15.889491
4615	5	4	0.177	0	0:00:15.889478
4620	7	3	0.336	0	0:00:15.894843
4625	4	-1	0.0	0	0:00:15.898331
4630	2	2	0.932	1	0:00:15.895148
4635	7	7	0.256	1	0:00:15.897665
4640	2	2	0.142	1	0:00:15.901394
4645	4	-1	0.0	0	0:00:15.901436
4650	6	6	0.36	1	0:00:15.891163
4655	7	5	0.335	0	0:00:15.898834
4660	7	7	0.251	1	0:00:15.894078
4665	3	3	0.0948	1	0:00:15.895322
4670	8	8	0.853	1	0:00:15.897846
4675	4	4	0.703	1	0:00:15.890751
4680	9	9	0.424	1	0:00:15.895612
4685	4	-1	0.0	0	0:00:15.898888
4690	2	2	0.129	1	0:00:15.896966
4695	8	8	0.338	1	0:00:15.895788
4700	6	-1	0.0	0	0:00:15.899532
4705	3	5	0.136	0	0:00:15.892715
4710	3	9	0.0146	0	0:00:15.908046
4715	9	9	0.609	1	0:00:15.916177
4720	8	0	0.0546	0	0:00:15.896846
4725	9	9	1.24	1	0:00:15.895312
4730	2	2	0.164	1	0:00:15.898381
4735	8	8	0.491	1	0:00:15.895151
4740	5	3	0.227	0	0:00:15.906100
4745	7	0	0.496	0	0:00:15.894666
4750	7	-1	0.0	0	0:00:15.903652
4755	1	1	0.253	1	0:00:15.897844
4760	3	3	0.174	1	0:00:15.905684
4765	3	-1	0.0	0	0:00:15.909417
4770	9	9	0.0149	1	0:00:15.896471
4775	2	3	0.108	0	0:00:15.895126
4780	0	0	0.679	1	0:00:15.893127
4785	3	3	0.00757	1	0:00:15.899115
4790	1	9	0.215	0	0:00:15.894554
4795	5	3	0.486	0	0:00:15.897366
4800	9	9	1.57	1	0:00:15.910874
4805	5	3	0.528	0	0:00:15.899880
4810	5	5	1.43	1	0:00:15.893348
4815	9	9	0.199	1	0:00:15.894020
4820	3	3	0.184	1	0:00:15.920823
4825	7	-1	0.0	0	0:00:15.901012
4830	3	6	0.127	0	0:00:15.894035
4835	9	9	1.51	1	0:00:15.894963
4840	0	0	1.67	1	0:00:15.886717
4845	3	5	0.114	0	0:00:15.895713
4850	1	-1	0.0	0	0:00:15.892310
4855	1	1	0.732	1	0:00:15.930594
4860	5	5	0.736	1	0:00:15.961344
4865	8	9	0.405	0	0:00:15.903246
4870	8	8	0.139	1	0:00:15.889470
4875	1	1	0.459	1	0:00:15.895734
4880	0	-1	0.0	0	0:00:15.893493
4885	2	6	0.0596	0	0:00:15.893227
4890	1	1	1.22	1	0:00:15.899961
4895	1	1	0.839	1	0:00:15.916508
4900	3	6	0.205	0	0:00:15.896707
4905	7	7	1.91	1	0:00:15.894711
4910	8	8	0.0385	1	0:00:15.897537
4915	5	5	1.83	1	0:00:15.896320
4920	7	7	1.06	1	0:00:15.893899
4925	5	5	0.123	1	0:00:15.893429
4930	1	9	0.166	0	0:00:15.895621
4935	5	5	1.31	1	0:00:15.891987
4940	6	-1	0.0	0	0:00:15.887614
4945	9	1	0.427	0	0:00:15.891575
4950	2	2	0.655	1	0:00:15.893640
4955	2	0	0.291	0	0:00:15.908958
4960	4	-1	0.0	0	0:00:15.905809
4965	3	-1	0.0	0	0:00:15.894644
4970	2	-1	0.0	0	0:00:15.887727
4975	3	3	0.316	1	0:00:15.905876
4980	1	9	0.574	0	0:00:15.890193
4985	4	2	0.276	0	0:00:15.896148
4990	7	-1	0.0	0	0:00:15.907125
4995	2	3	1.27	0	0:00:15.893043
5000	7	7	1.36	1	0:00:15.894838
5005	5	-1	0.0	0	0:00:15.892622
5010	7	7	1.16	1	0:00:15.888934
5015	2	2	1.04	1	0:00:15.884055
5020	8	8	1.14	1	0:00:15.887099
5025	5	5	0.269	1	0:00:15.893862
5030	4	4	0.416	1	0:00:15.893567
5035	5	5	1.57	1	0:00:15.889693
5040	3	3	0.674	1	0:00:15.889007
5045	7	7	0.568	1	0:00:15.890205
5050	3	-1	0.0	0	0:00:15.894524
5055	0	0	1.91	1	0:00:15.883210
5060	6	6	0.446	1	0:00:15.895827
5065	0	0	0.485	1	0:00:15.889741
5070	7	-1	0.0	0	0:00:15.896682
5075	6	2	0.0201	0	0:00:15.895064
5080	7	7	1.67	1	0:00:15.893093
5085	2	-1	0.0	0	0:00:15.895739
5090	1	1	0.524	1	0:00:15.896412
5095	8	8	0.277	1	0:00:15.895592
5100	3	3	1.05	1	0:00:15.899160
5105	7	7	0.414	1	0:00:15.902238
5110	8	8	0.529	1	0:00:15.893972
5115	5	5	0.311	1	0:00:15.890265
5120	9	9	0.868	1	0:00:15.884534
5125	1	5	0.411	0	0:00:15.901428
5130	5	-1	0.0	0	0:00:15.895674
5135	1	1	0.813	1	0:00:15.904939
5140	8	8	1.04	1	0:00:15.898731
5145	4	4	0.484	1	0:00:15.899031
5150	4	4	0.0964	1	0:00:15.898993
5155	3	5	0.852	0	0:00:15.895574
5160	0	0	0.718	1	0:00:15.886850
5165	2	2	0.733	1	0:00:15.894112
5170	9	9	0.979	1	0:00:15.893265
5175	6	6	0.746	1	0:00:15.913264
5180	9	7	0.00984	0	0:00:15.901137
5185	3	9	0.283	0	0:00:15.897733
5190	0	0	0.519	1	0:00:15.886569
5195	4	4	0.405	1	0:00:15.885366
5200	3	3	0.753	1	0:00:15.885271
5205	8	0	1.4	0	0:00:15.880396
5210	5	5	0.675	1	0:00:15.887509
5215	2	-1	0.0	0	0:00:15.887036
5220	0	0	0.785	1	0:00:15.877617
5225	0	0	0.923	1	0:00:15.882203
5230	8	8	0.427	1	0:00:15.882593
5235	1	3	0.561	0	0:00:15.887374
5240	1	9	0.229	0	0:00:15.889345
5245	1	1	1.91	1	0:00:15.877939
5250	7	7	0.191	1	0:00:15.892975
5255	0	0	0.618	1	0:00:15.896852
5260	0	0	1.8	1	0:00:15.889721
5265	2	2	0.124	1	0:00:15.890434
5270	1	1	0.975	1	0:00:15.896560
5275	2	0	0.0676	0	0:00:15.895327
5280	0	-1	0.0	0	0:00:15.888770
5285	1	1	0.359	1	0:00:15.893174
5290	3	5	0.51	0	0:00:15.895352
5295	0	0	0.16	1	0:00:15.890412
5300	9	9	0.734	1	0:00:15.895846
5305	7	-1	0.0	0	0:00:15.890592
5310	0	0	0.378	1	0:00:15.889575
5315	9	9	1.6	1	0:00:15.882482
5320	7	7	0.346	1	0:00:15.885714
5325	8	8	0.482	1	0:00:15.878181
5330	7	3	0.222	0	0:00:15.892866
5335	9	9	0.284	1	0:00:15.889294
5340	3	4	1.55	0	0:00:15.892737
5345	4	4	0.269	1	0:00:15.892296
5350	9	9	1.01	1	0:00:15.895555
5355	8	8	1.59	1	0:00:15.890843
5360	9	9	1.23	1	0:00:15.891693
5365	8	8	0.0408	1	0:00:15.893657
5370	6	3	0.47	0	0:00:15.880456
5375	1	1	0.064	1	0:00:15.889119
5380	1	9	0.062	0	0:00:15.888382
5385	2	-1	0.0	0	0:00:15.894712
5390	1	1	0.811	1	0:00:15.893284
5395	0	0	0.631	1	0:00:15.883430
5400	9	9	0.767	1	0:00:15.890721
5405	2	0	1.0	0	0:00:15.883078
5410	3	-1	0.0	0	0:00:15.889368
5415	4	-1	0.0	0	0:00:15.888516
5420	6	6	0.66	1	0:00:15.892129
5425	6	-1	0.0	0	0:00:15.889271
5430	7	7	0.627	1	0:00:15.894211
5435	7	4	0.0216	0	0:00:15.892019
5440	9	9	1.81	1	0:00:15.881906
5445	7	7	0.5	1	0:00:15.886592
5450	5	5	0.0176	1	0:00:15.894955
5455	9	1	0.0138	0	0:00:15.892470
5460	0	0	0.53	1	0:00:15.894259
5465	7	0	0.42	0	0:00:15.884956
5470	1	1	1.44	1	0:00:15.893285
5475	0	0	1.87	1	0:00:15.887303
5480	1	1	0.49	1	0:00:15.891658
5485	8	8	1.37	1	0:00:15.886870
5490	3	3	0.151	1	0:00:15.897449
5495	4	4	0.158	1	0:00:15.896749
5500	8	8	0.0561	1	0:00:15.914382
5505	4	4	0.741	1	0:00:15.952454
5510	4	-1	0.0	0	0:00:15.955297
5515	4	-1	0.0	0	0:00:15.949498
5520	4	-1	0.0	0	0:00:15.952656
5525	3	-1	0.0	0	0:00:15.946630
5530	3	-1	0.0	0	0:00:15.956469
5535	3	3	0.33	1	0:00:15.951926
5540	5	-1	0.0	0	0:00:15.951663
5545	6	6	1.8	1	0:00:15.950511
5550	5	5	0.578	1	0:00:15.957176
5555	4	-1	0.0	0	0:00:15.946129
5560	3	5	0.0434	0	0:00:15.943985
5565	3	4	0.379	0	0:00:15.947656
5570	5	5	0.735	1	0:00:15.939708
5575	3	5	0.199	0	0:00:15.947204
5580	5	6	0.0148	0	0:00:15.956990
5585	0	0	1.63	1	0:00:15.950966
5590	4	2	0.0313	0	0:00:15.945645
5595	6	4	0.166	0	0:00:15.953805
5600	6	-1	0.0	0	0:00:15.949999
5605	3	3	0.233	1	0:00:15.945408
5610	8	-1	0.0	0	0:00:15.893587
5615	5	-1	0.0	0	0:00:15.885398
5620	3	-1	0.0	0	0:00:15.885946
5625	5	5	0.769	1	0:00:15.893660
5630	3	8	0.103	0	0:00:15.894505
5635	7	7	0.498	1	0:00:15.893528
5640	2	-1	0.0	0	0:00:15.891811
5645	5	3	0.0268	0	0:00:15.892053
5650	5	7	0.319	0	0:00:15.893509
5655	3	-1	0.0	0	0:00:15.890831
5660	9	9	0.396	1	0:00:15.890224
5665	2	0	0.796	0	0:00:15.884112
5670	4	-1	0.0	0	0:00:15.891511
5675	7	7	0.595	1	0:00:15.894282
5680	2	3	0.199	0	0:00:15.891168
5685	1	1	0.648	1	0:00:15.887678
5690	7	5	0.043	0	0:00:15.891050
5695	7	7	1.4	1	0:00:15.889634
5700	3	-1	0.0	0	0:00:15.893844
5705	2	2	0.127	1	0:00:15.892275
5710	6	-1	0.0	0	0:00:15.891695
5715	6	6	1.67	1	0:00:15.887990
5720	9	9	1.53	1	0:00:15.889585
5725	5	5	0.241	1	0:00:15.892157
5730	5	9	0.215	0	0:00:15.892864
5735	0	0	1.91	1	0:00:15.884153
5740	6	2	0.0873	0	0:00:15.890714
5745	5	4	0.0873	0	0:00:15.885272
5750	6	-1	0.0	0	0:00:15.893273
5755	4	4	0.308	1	0:00:15.890387
5760	2	2	0.372	1	0:00:15.886101
5765	9	9	1.35	1	0:00:15.892240
5770	8	8	1.0	1	0:00:15.892333
5775	7	-1	0.0	0	0:00:15.890248
5780	7	7	1.78	1	0:00:15.892210
5785	2	2	1.4	1	0:00:15.885186
5790	9	9	0.858	1	0:00:15.887809
5795	7	4	0.193	0	0:00:15.892279
5800	2	2	0.141	1	0:00:15.892488
5805	1	1	0.72	1	0:00:15.893262
5810	5	5	0.641	1	0:00:15.892715
5815	3	3	0.488	1	0:00:15.895082
5820	5	5	0.51	1	0:00:15.896660
5825	3	6	1.51	0	0:00:15.892987
5830	5	6	0.855	0	0:00:15.894640
5835	3	-1	0.0	0	0:00:15.894574
5840	2	2	0.33	1	0:00:15.898743
5845	5	5	1.91	1	0:00:15.898004
5850	6	4	0.0266	0	0:00:15.895088
5855	7	2	0.801	0	0:00:15.895832
5860	0	0	0.39	1	0:00:15.893782
5865	6	6	0.0646	1	0:00:15.891613
5870	7	7	0.335	1	0:00:15.892658
5875	1	1	1.36	1	0:00:15.895905
5880	0	0	0.869	1	0:00:15.893498
5885	4	4	0.465	1	0:00:15.891084
5890	3	-1	0.0	0	0:00:15.893612
5895	6	6	1.44	1	0:00:15.899549
5900	4	-1	0.0	0	0:00:15.895131
5905	1	1	0.321	1	0:00:15.894849
5910	2	5	0.308	0	0:00:15.900272
5915	5	3	0.544	0	0:00:15.895125
5920	8	8	1.83	1	0:00:15.892230
5925	3	-1	0.0	0	0:00:15.896365
5930	5	2	0.258	0	0:00:15.893373
5935	6	6	0.802	1	0:00:15.896839
5940	7	4	0.0538	0	0:00:15.895972
5945	9	9	0.196	1	0:00:15.889111
5950	9	9	0.897	1	0:00:15.893530
5955	5	-1	0.0	0	0:00:15.897772
5960	2	6	0.357	0	0:00:15.892421
5965	7	7	1.33	1	0:00:15.895586
5970	1	1	1.09	1	0:00:15.897091
5975	9	9	0.814	1	0:00:15.894740
5980	9	9	1.69	1	0:00:15.889960
5985	4	4	0.474	1	0:00:15.890022
5990	8	0	0.178	0	0:00:15.897221
5995	0	0	1.14	1	0:00:15.897481
6000	8	8	0.0945	1	0:00:15.897329
6005	4	2	0.445	0	0:00:15.888683
6010	1	2	0.109	0	0:00:15.902424
6015	0	-1	0.0	0	0:00:15.898127
6020	6	6	0.696	1	0:00:15.901962
6025	6	6	0.421	1	0:00:15.902731
6030	8	-1	0.0	0	0:00:15.901813
6035	5	3	0.809	0	0:00:15.892325
6040	2	7	0.713	0	0:00:15.900333
6045	8	8	1.63	1	0:00:15.893842
6050	2	6	0.295	0	0:00:15.902042
6055	0	0	0.135	1	0:00:15.888241
6060	3	-1	0.0	0	0:00:15.896527
6065	5	2	0.308	0	0:00:15.899462
6070	8	8	0.243	1	0:00:15.896608
6075	3	6	0.541	0	0:00:15.888743
6080	1	1	0.32	1	0:00:15.897634
6085	2	6	0.353	0	0:00:15.900137
6090	1	1	0.536	1	0:00:15.898217
6095	9	9	1.07	1	0:00:15.893068
6100	1	1	0.781	1	0:00:15.890290
6105	0	0	1.63	1	0:00:15.886159
6110	9	9	1.91	1	0:00:15.887579
6115	8	8	1.21	1	0:00:15.886030
6120	5	5	0.526	1	0:00:15.890167
6125	8	8	0.731	1	0:00:15.890751
6130	1	1	0.219	1	0:00:15.895327
6135	3	3	0.524	1	0:00:15.893985
6140	9	9	1.64	1	0:00:15.890251
6145	2	3	1.13	0	0:00:15.895566
6150	1	1	0.478	1	0:00:15.890612
6155	8	8	0.965	1	0:00:15.889233
6160	2	5	0.783	0	0:00:15.892652
6165	5	3	0.568	0	0:00:15.895646
6170	2	2	0.0102	1	0:00:15.890112
6175	3	6	0.267	0	0:00:15.897457
6180	0	0	0.646	1	0:00:15.895059
6185	5	5	0.541	1	0:00:15.895643
6190	4	4	0.186	1	0:00:15.896802
6195	1	1	0.436	1	0:00:15.894242
6200	3	3	0.414	1	0:00:15.891369
6205	1	1	0.392	1	0:00:15.892886
6210	4	5	0.37	0	0:00:15.901042
6215	2	0	0.0653	0	0:00:15.888413
6220	2	5	0.106	0	0:00:15.897314
6225	3	3	0.557	1	0:00:15.887392
6230	2	4	0.0468	0	0:00:15.898419
6235	6	3	0.0944	0	0:00:15.896666
6240	2	-1	0.0	0	0:00:15.901362
6245	6	-1	0.0	0	0:00:15.894926
6250	4	7	0.178	0	0:00:15.894641
6255	6	6	0.644	1	0:00:15.897837
6260	2	-1	0.0	0	0:00:15.896508
6265	4	4	0.49	1	0:00:15.897635
6270	2	6	0.931	0	0:00:15.897189
6275	9	9	0.355	1	0:00:15.890822
6280	8	5	0.148	0	0:00:15.896295
6285	8	8	0.0359	1	0:00:15.889724
6290	9	1	0.416	0	0:00:15.892997
6295	8	8	0.676	1	0:00:15.894174
6300	1	1	0.157	1	0:00:15.896367
6305	6	2	0.24	0	0:00:15.897545
6310	5	5	1.91	1	0:00:15.895464
6315	6	-1	0.0	0	0:00:15.888803
6320	0	0	0.595	1	0:00:15.891228
6325	7	7	1.81	1	0:00:15.889121
6330	6	6	0.814	1	0:00:15.893690
6335	2	2	0.634	1	0:00:15.895191
6340	3	7	0.405	0	0:00:15.891945
6345	3	6	0.165	0	0:00:15.897712
6350	0	0	1.91	1	0:00:15.886091
6355	0	0	1.05	1	0:00:15.886907
6360	2	2	0.144	1	0:00:15.889172
6365	7	7	0.0864	1	0:00:15.893198
6370	6	3	0.276	0	0:00:15.894574
6375	3	3	0.0105	1	0:00:15.889831
6380	3	-1	0.0	0	0:00:15.893079
6385	5	5	0.0134	1	0:00:15.889220
6390	7	7	1.37	1	0:00:15.888146
6395	8	8	1.02	1	0:00:15.881627
6400	0	0	0.206	1	0:00:15.888368
6405	1	-1	0.0	0	0:00:15.892596
6410	1	1	1.77	1	0:00:15.887969
6415	1	1	0.743	1	0:00:15.896560
6420	7	7	1.42	1	0:00:15.896788
6425	2	2	0.0879	1	0:00:15.891169
6430	1	1	0.56	1	0:00:15.889424
6435	9	9	0.534	1	0:00:15.886442
6440	3	9	0.0355	0	0:00:15.891618
6445	1	1	1.07	1	0:00:15.894762
6450	0	0	1.3	1	0:00:15.878227
6455	6	6	0.815	1	0:00:15.886868
6460	3	3	0.223	1	0:00:15.884486
6465	3	3	0.215	1	0:00:15.885128
6470	1	1	0.357	1	0:00:15.889591
6475	2	3	0.565	0	0:00:15.893986
6480	0	0	1.22	1	0:00:15.892576
6485	9	9	1.5	1	0:00:15.895163
6490	8	9	0.503	0	0:00:15.891608
6495	7	7	0.504	1	0:00:15.893699
6500	7	-1	0.0	0	0:00:15.891248
6505	4	-1	0.0	0	0:00:15.897855
6510	4	-1	0.0	0	0:00:15.890424
6515	2	2	0.413	1	0:00:15.894318
6520	6	-1	0.0	0	0:00:15.892049
6525	3	3	0.295	1	0:00:15.896162
6530	3	-1	0.0	0	0:00:15.896384
6535	5	5	0.886	1	0:00:15.899101
6540	8	8	1.06	1	0:00:15.894445
6545	9	0	1.38	0	0:00:15.891059
6550	1	1	0.948	1	0:00:15.892207
6555	1	1	1.44	1	0:00:15.898752
6560	6	6	0.159	1	0:00:15.901781
6565	9	9	0.662	1	0:00:15.897361
6570	9	5	0.12	0	0:00:15.892985
6575	3	3	0.726	1	0:00:15.901089
6580	1	-1	0.0	0	0:00:15.900798
6585	1	1	1.87	1	0:00:15.903286
6590	5	5	0.278	1	0:00:15.899740
6595	2	2	0.55	1	0:00:15.891274
6600	7	7	1.84	1	0:00:15.899420
6605	6	3	0.308	0	0:00:15.895983
6610	8	8	1.18	1	0:00:15.899108
6615	7	7	0.836	1	0:00:15.898831
6620	7	7	1.09	1	0:00:15.900808
6625	4	-1	0.0	0	0:00:15.896137
6630	7	7	0.544	1	0:00:15.899779
6635	6	6	0.193	1	0:00:15.893073
6640	5	3	1.39	0	0:00:15.888967
6645	6	6	0.418	1	0:00:15.896386
6650	0	0	0.076	1	0:00:15.887606
6655	1	1	0.359	1	0:00:15.890077
6660	0	0	1.15	1	0:00:15.886456
6665	4	-1	0.0	0	0:00:15.881822
6670	3	-1	0.0	0	0:00:15.895148
6675	2	2	1.28	1	0:00:15.885949
6680	3	5	0.224	0	0:00:15.896499
6685	1	1	0.706	1	0:00:15.890671
6690	5	5	0.696	1	0:00:15.892440
6695	4	6	0.0621	0	0:00:15.897285
6700	6	6	0.576	1	0:00:15.896386
6705	3	6	0.0397	0	0:00:15.896374
6710	3	3	0.801	1	0:00:15.898855
6715	2	6	0.413	0	0:00:15.895647
6720	2	2	0.706	1	0:00:15.891892
6725	8	8	1.91	1	0:00:15.893303
6730	8	8	0.503	1	0:00:15.888077
6735	9	3	0.566	0	0:00:15.883584
6740	2	2	0.443	1	0:00:15.889140
6745	7	7	0.296	1	0:00:15.894813
6750	4	3	0.594	0	0:00:15.889916
6755	9	9	0.534	1	0:00:15.889141
6760	5	5	1.16	1	0:00:15.887891
6765	8	8	0.469	1	0:00:15.893023
6770	1	1	1.18	1	0:00:15.892621
6775	0	0	0.678	1	0:00:15.890714
6780	7	7	1.41	1	0:00:15.894606
6785	6	6	0.202	1	0:00:15.893070
6790	7	5	0.416	0	0:00:15.890848
6795	9	-1	0.0	0	0:00:15.894645
6800	6	4	0.175	0	0:00:15.894510
6805	1	1	1.16	1	0:00:15.898893
6810	8	8	1.02	1	0:00:15.895547
6815	0	0	1.84	1	0:00:15.892318
6820	1	1	1.36	1	0:00:15.891465
6825	3	3	0.326	1	0:00:15.892828
6830	1	1	0.537	1	0:00:15.890196
6835	5	3	0.0588	0	0:00:15.892991
6840	9	9	1.38	1	0:00:15.892622
6845	2	4	0.0865	0	0:00:15.890465
6850	6	6	0.513	1	0:00:15.893431
6855	4	6	0.844	0	0:00:15.893921
6860	0	0	0.768	1	0:00:15.890402
6865	3	-1	0.0	0	0:00:15.895537
6870	7	7	0.349	1	0:00:15.895314
6875	5	5	0.626	1	0:00:15.895414
6880	2	2	0.526	1	0:00:15.894399
6885	0	0	1.15	1	0:00:15.886810
6890	5	5	0.444	1	0:00:15.893750
6895	2	2	0.149	1	0:00:15.898663
6900	3	3	0.224	1	0:00:15.892845
6905	2	2	0.246	1	0:00:15.895428
6910	7	7	0.473	1	0:00:15.887267
6915	1	1	0.981	1	0:00:15.885816
6920	5	2	0.42	0	0:00:15.888342
6925	2	2	1.29	1	0:00:15.892148
6930	2	0	1.83	0	0:00:15.889205
6935	7	7	0.982	1	0:00:15.896595
6940	1	1	1.81	1	0:00:15.894526
6945	5	5	0.505	1	0:00:15.885520
6950	8	0	0.302	0	0:00:15.886418
6955	7	7	1.15	1	0:00:15.894859
6960	9	8	0.219	0	0:00:15.894049
6965	6	-1	0.0	0	0:00:15.894778
6970	0	5	0.0115	0	0:00:15.880213
6975	8	1	0.539	0	0:00:15.896151
6980	0	-1	0.0	0	0:00:15.893367
6985	0	4	0.0842	0	0:00:15.893584
6990	3	3	1.78	1	0:00:15.894998
6995	1	1	0.238	1	0:00:15.894110
7000	2	0	0.156	0	0:00:15.895015
7005	1	-1	0.0	0	0:00:15.895049
7010	0	0	0.715	1	0:00:15.882042
7015	3	-1	0.0	0	0:00:15.893071
7020	7	7	1.49	1	0:00:15.896295
7025	6	6	1.43	1	0:00:15.898879
7030	8	8	0.189	1	0:00:15.895154
7035	1	9	0.0982	0	0:00:15.894163
7040	7	-1	0.0	0	0:00:15.893486
7045	3	-1	0.0	0	0:00:15.895082
7050	8	8	0.244	1	0:00:15.894148
7055	8	-1	0.0	0	0:00:15.893589
7060	8	8	0.777	1	0:00:15.896023
7065	2	2	0.601	1	0:00:15.896232
7070	7	7	0.313	1	0:00:15.890354
7075	9	9	1.2	1	0:00:15.896354
7080	5	4	0.379	0	0:00:15.893537
7085	5	-1	0.0	0	0:00:15.896297
7090	2	2	0.0619	1	0:00:15.897731
7095	4	-1	0.0	0	0:00:15.890196
7100	9	3	0.447	0	0:00:15.892280
7105	3	3	0.974	1	0:00:15.888254
7110	3	3	0.389	1	0:00:15.890840
7115	0	0	1.91	1	0:00:15.884065
7120	7	5	0.265	0	0:00:15.890527
7125	5	5	0.189	1	0:00:15.898142
7130	6	6	1.16	1	0:00:15.898743
7135	4	4	0.672	1	0:00:15.892757
7140	4	4	0.191	1	0:00:15.895575
7145	3	3	0.853	1	0:00:15.894341
7150	3	0	0.27	0	0:00:15.885775
7155	9	9	0.133	1	0:00:15.892903
7160	5	5	0.854	1	0:00:15.893179
7165	0	2	0.183	0	0:00:15.885036
7170	9	9	0.82	1	0:00:15.893057
7175	7	-1	0.0	0	0:00:15.892850
7180	6	6	0.765	1	0:00:15.895725
7185	8	8	0.228	1	0:00:15.890755
7190	2	2	0.528	1	0:00:15.891555
7195	7	7	0.126	1	0:00:15.897223
7200	4	-1	0.0	0	0:00:15.892967
7205	6	-1	0.0	0	0:00:15.898743
7210	3	-1	0.0	0	0:00:15.895463
7215	1	1	1.68	1	0:00:15.894305
7220	9	9	0.65	1	0:00:15.895588
7225	1	1	0.936	1	0:00:15.888693
7230	2	2	1.06	1	0:00:15.897042
7235	2	-1	0.0	0	0:00:15.896431
7240	0	0	0.15	1	0:00:15.899208
7245	4	4	0.268	1	0:00:15.894899
7250	8	8	1.05	1	0:00:15.892444
7255	3	6	0.655	0	0:00:15.895092
7260	1	1	0.203	1	0:00:15.894805
7265	5	5	0.00832	1	0:00:15.896540
7270	9	9	0.624	1	0:00:15.894923
7275	3	-1	0.0	0	0:00:15.895999
7280	1	9	0.56	0	0:00:15.894045
7285	1	1	0.273	1	0:00:15.898545
7290	6	3	0.641	0	0:00:15.896861
7295	5	5	1.51	1	0:00:15.898989
7300	3	-1	0.0	0	0:00:15.892148
7305	6	6	0.0114	1	0:00:15.892338
7310	3	5	0.884	0	0:00:15.896382
7315	0	-1	0.0	0	0:00:15.891231
7320	8	0	0.182	0	0:00:15.891864
7325	4	4	1.29	1	0:00:15.892302
7330	5	-1	0.0	0	0:00:15.896467
7335	4	4	0.804	1	0:00:15.891889
7340	2	4	0.213	0	0:00:15.896394
7345	6	6	1.39	1	0:00:15.895461
7350	9	9	1.09	1	0:00:15.895679
7355	7	7	0.937	1	0:00:15.897671
7360	2	7	0.062	0	0:00:15.894360
7365	4	4	0.219	1	0:00:15.896287
7370	3	1	0.00599	0	0:00:15.902095
7375	2	4	0.0323	0	0:00:15.897192
7380	7	7	0.955	1	0:00:15.899211
7385	9	9	1.68	1	0:00:15.899133
7390	6	-1	0.0	0	0:00:15.897339
7395	2	3	0.0435	0	0:00:15.896116
7400	3	3	0.155	1	0:00:15.892782
7405	7	7	1.63	1	0:00:15.899968
7410	4	6	0.126	0	0:00:15.896244
7415	3	3	1.26	1	0:00:15.894030
7420	3	0	0.384	0	0:00:15.895783
7425	2	6	0.0823	0	0:00:15.901324
7430	2	7	0.106	0	0:00:15.897609
7435	7	-1	0.0	0	0:00:15.899544
7440	3	3	0.571	1	0:00:15.902309
7445	6	6	0.0797	1	0:00:15.892852
7450	1	1	1.91	1	0:00:15.901649
7455	1	9	0.905	0	0:00:15.898850
7460	5	5	1.46	1	0:00:15.892267
7465	0	0	0.525	1	0:00:15.888915
7470	9	-1	0.0	0	0:00:15.899177
7475	3	5	0.199	0	0:00:15.899287
7480	1	8	0.719	0	0:00:15.893229
7485	8	8	1.05	1	0:00:15.892820
7490	4	4	0.56	1	0:00:15.896382
7495	7	7	1.05	1	0:00:15.896590
7500	6	6	1.91	1	0:00:15.896301
7505	7	7	1.22	1	0:00:15.893630
7510	8	8	0.659	1	0:00:15.896040
7515	8	8	0.297	1	0:00:15.894228
7520	4	4	0.245	1	0:00:15.895720
7525	8	8	1.81	1	0:00:15.890695
7530	2	0	0.179	0	0:00:15.894543
7535	1	1	0.464	1	0:00:15.894802
7540	5	5	1.62	1	0:00:15.901634
7545	5	3	0.0467	0	0:00:15.896066
7550	4	4	1.25	1	0:00:15.893922
7555	1	1	1.15	1	0:00:15.897081
7560	0	0	0.658	1	0:00:15.892461
7565	1	1	1.54	1	0:00:15.899598
7570	1	1	1.28	1	0:00:15.900733
7575	8	8	0.889	1	0:00:15.899365
7580	8	8	1.23	1	0:00:15.897042
7585	6	6	1.41	1	0:00:15.900831
7590	2	4	0.397	0	0:00:15.895029
7595	1	1	0.155	1	0:00:15.898804
7600	8	9	0.236	0	0:00:15.899791
7605	2	-1	0.0	0	0:00:15.896087
7610	7	7	0.474	1	0:00:15.895806
7615	5	6	0.0573	0	0:00:15.898598
7620	5	9	0.149	0	0:00:15.899232
7625	7	7	0.274	1	0:00:15.900323
7630	9	9	1.22	1	0:00:15.899974
7635	9	9	0.401	1	0:00:15.898036
7640	9	9	0.161	1	0:00:15.897508
7645	0	0	0.677	1	0:00:15.892398
7650	2	2	0.00916	1	0:00:15.901128
7655	8	8	0.0777	1	0:00:15.893958
7660	7	-1	0.0	0	0:00:15.899029
7665	9	9	0.144	1	0:00:15.899125
7670	2	2	0.696	1	0:00:15.898334
7675	8	3	0.0359	0	0:00:15.898931
7680	3	-1	0.0	0	0:00:15.901535
7685	9	1	0.608	0	0:00:15.893393
7690	6	6	0.996	1	0:00:15.894053
7695	8	8	0.42	1	0:00:15.893949
7700	6	6	1.22	1	0:00:15.899505
7705	7	4	0.207	0	0:00:15.897326
7710	9	9	0.348	1	0:00:15.897687
7715	1	1	0.855	1	0:00:15.895561
7720	5	5	0.172	1	0:00:15.898874
7725	4	4	0.518	1	0:00:15.896834
7730	4	-1	0.0	0	0:00:15.901032
7735	4	3	0.394	0	0:00:15.888307
7740	4	4	0.145	1	0:00:15.892282
7745	7	7	1.0	1	0:00:15.893019
7750	3	4	0.0759	0	0:00:15.896166
7755	7	7	1.62	1	0:00:15.889964
7760	2	0	0.0675	0	0:00:15.892696
7765	8	8	1.41	1	0:00:15.896713
7770	9	9	1.28	1	0:00:15.892612
7775	2	2	0.343	1	0:00:15.895974
7780	3	-1	0.0	0	0:00:15.891788
7785	4	-1	0.0	0	0:00:15.889528
7790	8	-1	0.0	0	0:00:15.890366
7795	5	-1	0.0	0	0:00:15.894397
7800	0	0	0.985	1	0:00:15.881889
7805	9	-1	0.0	0	0:00:15.896620
7810	6	6	1.1	1	0:00:15.891480
7815	0	-1	0.0	0	0:00:15.894759
7820	5	5	0.393	1	0:00:15.891658
7825	3	3	0.403	1	0:00:15.889271
7830	2	9	0.193	0	0:00:15.893673
7835	0	0	1.91	1	0:00:15.880645
7840	1	1	1.64	1	0:00:15.896931
7845	2	2	0.39	1	0:00:15.892396
7850	0	0	0.213	1	0:00:15.888026
7855	2	-1	0.0	0	0:00:15.890917
7860	8	8	0.258	1	0:00:15.894604
7865	3	-1	0.0	0	0:00:15.894958
7870	6	6	1.15	1	0:00:15.891603
7875	2	-1	0.0	0	0:00:15.889968
7880	0	-1	0.0	0	0:00:15.882710
7885	3	3	0.0295	1	0:00:15.889018
7890	6	6	0.664	1	0:00:15.893069
7895	4	6	0.291	0	0:00:15.889376
7900	0	8	0.0683	0	0:00:15.885518
7905	3	3	0.388	1	0:00:15.894580
7910	3	5	0.174	0	0:00:15.892962
7915	3	-1	0.0	0	0:00:15.893437
7920	9	9	0.606	1	0:00:15.892005
7925	0	0	1.57	1	0:00:15.890598
7930	2	0	1.06	0	0:00:15.889919
7935	7	7	0.425	1	0:00:15.895555
7940	2	2	0.109	1	0:00:15.896640
7945	6	6	0.383	1	0:00:15.896582
7950	9	9	1.23	1	0:00:15.889907
7955	9	9	0.37	1	0:00:15.897565
7960	0	-1	0.0	0	0:00:15.890461
7965	7	7	1.13	1	0:00:15.895701
7970	3	-1	0.0	0	0:00:15.886970
7975	2	-1	0.0	0	0:00:15.892951
7980	3	3	0.395	1	0:00:15.895964
7985	5	5	0.2	1	0:00:15.898066
7990	0	-1	0.0	0	0:00:15.891580
7995	8	8	0.907	1	0:00:15.887982
8000	9	9	1.16	1	0:00:15.894791
8005	1	1	1.91	1	0:00:15.894541
8010	2	-1	0.0	0	0:00:15.898080
8015	8	-1	0.0	0	0:00:15.894513
8020	6	3	0.76	0	0:00:15.898230
8025	5	5	0.875	1	0:00:15.901804
8030	2	2	0.62	1	0:00:15.894149
8035	1	1	0.631	1	0:00:15.894239
8040	2	2	0.933	1	0:00:15.897395
8045	5	5	1.24	1	0:00:15.894867
8050	7	7	0.267	1	0:00:15.895466
8055	2	2	0.155	1	0:00:15.898631
8060	6	6	0.624	1	0:00:15.897382
8065	9	9	0.259	1	0:00:15.897335
8070	5	5	1.1	1	0:00:15.899982
8075	8	8	0.721	1	0:00:15.895831
8080	4	4	0.0301	1	0:00:15.894489
8085	2	2	0.334	1	0:00:15.894005
8090	6	-1	0.0	0	0:00:15.899075
8095	2	-1	0.0	0	0:00:15.896531
8100	6	6	0.27	1	0:00:15.896889
8105	0	0	0.143	1	0:00:15.897044
8110	5	6	0.676	0	0:00:15.893196
8115	5	-1	0.0	0	0:00:15.898045
8120	8	9	0.973	0	0:00:15.897811
8125	8	8	0.129	1	0:00:15.893190
8130	6	6	0.603	1	0:00:15.902057
8135	7	-1	0.0	0	0:00:15.892315
8140	5	-1	0.0	0	0:00:15.895777
8145	9	9	0.0534	1	0:00:15.899791
8150	6	6	1.45	1	0:00:15.898320
8155	1	1	1.64	1	0:00:15.896250
8160	6	6	0.848	1	0:00:15.891173
8165	1	1	0.204	1	0:00:15.895341
8170	5	5	0.69	1	0:00:15.895478
8175	3	6	0.314	0	0:00:15.889099
8180	4	4	0.401	1	0:00:15.893032
8185	0	0	0.29	1	0:00:15.890048
8190	4	6	0.153	0	0:00:15.899718
8195	8	8	0.735	1	0:00:15.886446
8200	3	-1	0.0	0	0:00:15.896461
8205	2	2	0.161	1	0:00:15.895078
8210	0	0	1.91	1	0:00:15.890315
8215	1	1	0.831	1	0:00:15.897713
8220	6	-1	0.0	0	0:00:15.896743
8225	9	0	0.0037	0	0:00:15.890744
8230	0	0	1.29	1	0:00:15.879490
8235	7	7	1.91	1	0:00:15.887178
8240	7	7	1.17	1	0:00:15.893261
8245	3	5	0.984	0	0:00:15.893932
8250	6	6	0.906	1	0:00:15.893862
8255	9	9	0.927	1	0:00:15.894989
8260	1	1	1.17	1	0:00:15.893498
8265	0	0	1.37	1	0:00:15.888323
8270	6	6	0.857	1	0:00:15.893861
8275	3	-1	0.0	0	0:00:15.893459
8280	4	5	0.0169	0	0:00:15.895808
8285	9	9	0.305	1	0:00:15.889989
8290	8	0	0.197	0	0:00:15.897616
8295	3	-1	0.0	0	0:00:15.892048
8300	5	-1	0.0	0	0:00:15.891753
8305	4	6	0.0666	0	0:00:15.895506
8310	3	3	0.759	1	0:00:15.896956
8315	6	6	0.133	1	0:00:15.892574
8320	7	-1	0.0	0	0:00:15.896591
8325	8	9	0.0414	0	0:00:15.893061
8330	5	5	1.29	1	0:00:15.897081
8335	7	3	0.393	0	0:00:15.899070
8340	5	3	0.192	0	0:00:15.894388
8345	9	9	0.0213	1	0:00:15.896455
8350	9	9	0.722	1	0:00:15.890654
8355	9	9	1.64	1	0:00:15.894714
8360	7	7	1.47	1	0:00:15.896391
8365	6	6	0.995	1	0:00:15.894828
8370	4	-1	0.0	0	0:00:15.886967
8375	4	6	0.112	0	0:00:15.892632
8380	9	9	1.42	1	0:00:15.890726
8385	9	9	0.0696	1	0:00:15.895268
8390	1	1	1.53	1	0:00:15.895470
8395	1	1	0.438	1	0:00:15.893055
8400	0	0	0.195	1	0:00:15.893171
8405	0	2	0.185	0	0:00:15.896216
8410	5	5	0.0619	1	0:00:15.898729
8415	0	0	1.13	1	0:00:15.891406
8420	3	6	0.332	0	0:00:15.896245
8425	6	2	0.497	0	0:00:15.895663
8430	9	9	1.42	1	0:00:15.895559
8435	3	-1	0.0	0	0:00:15.898537
8440	5	5	0.229	1	0:00:15.895844
8445	1	1	0.441	1	0:00:15.893247
8450	9	-1	0.0	0	0:00:15.895470
8455	1	1	1.71	1	0:00:15.888693
8460	8	8	1.22	1	0:00:15.890112
8465	9	9	0.461	1	0:00:15.895802
8470	8	8	1.34	1	0:00:15.888599
8475	9	-1	0.0	0	0:00:15.890256
8480	2	2	0.534	1	0:00:15.894787
8485	0	0	1.81	1	0:00:15.883222
8490	3	5	0.724	0	0:00:15.897290
8495	1	1	0.412	1	0:00:15.895025
8500	4	4	0.528	1	0:00:15.889568
8505	5	5	0.18	1	0:00:15.894353
8510	7	7	1.59	1	0:00:15.897946
8515	8	8	1.36	1	0:00:15.895719
8520	8	1	0.0549	0	0:00:15.905703
8525	3	-1	0.0	0	0:00:15.901943
8530	8	1	0.129	0	0:00:15.893737
8535	7	5	0.245	0	0:00:15.894381
8540	4	4	0.00729	1	0:00:15.896120
8545	6	-1	0.0	0	0:00:15.897798
8550	1	1	1.13	1	0:00:15.897041
8555	5	5	0.219	1	0:00:15.897783
8560	7	7	1.56	1	0:00:15.897232
8565	7	7	0.532	1	0:00:15.893264
8570	6	6	0.352	1	0:00:15.896363
8575	9	9	0.762	1	0:00:15.896790
8580	3	-1	0.0	0	0:00:15.895154
8585	9	9	0.0909	1	0:00:15.894928
8590	0	0	0.479	1	0:00:15.891498
8595	1	1	1.12	1	0:00:15.893238
8600	3	-1	0.0	0	0:00:15.896638
8605	6	6	0.243	1	0:00:15.897677
8610	2	2	0.415	1	0:00:15.897127
8615	9	9	0.659	1	0:00:15.896266
8620	3	-1	0.0	0	0:00:15.897098
8625	5	5	0.25	1	0:00:15.899419
8630	5	5	0.364	1	0:00:15.895833
8635	6	6	0.292	1	0:00:15.901327
8640	1	1	0.728	1	0:00:15.896132
8645	1	1	0.891	1	0:00:15.895045
8650	2	5	0.204	0	0:00:15.903645
8655	8	8	0.796	1	0:00:15.895643
8660	7	7	0.545	1	0:00:15.899236
8665	3	3	0.584	1	0:00:15.895298
8670	9	6	0.0853	0	0:00:15.899078
8675	7	-1	0.0	0	0:00:15.890367
8680	3	-1	0.0	0	0:00:15.895418
8685	7	7	0.029	1	0:00:15.895425
8690	8	8	0.838	1	0:00:15.900012
8695	4	4	0.405	1	0:00:15.900034
8700	3	3	0.272	1	0:00:15.900165
8705	6	6	0.0893	1	0:00:15.900146
8710	7	7	0.145	1	0:00:15.904404
8715	2	2	0.116	1	0:00:15.896697
8720	2	0	1.44	0	0:00:15.888888
8725	8	8	1.24	1	0:00:15.895349
8730	2	6	0.000162	0	0:00:15.899949
8735	3	3	0.546	1	0:00:15.900701
8740	2	2	0.0956	1	0:00:15.900589
8745	5	5	1.37	1	0:00:15.896286
8750	9	9	1.6	1	0:00:15.901140
8755	6	6	0.85	1	0:00:15.897681
8760	8	8	1.7	1	0:00:15.895241
8765	2	2	0.18	1	0:00:15.897199
8770	6	-1	0.0	0	0:00:15.892413
8775	1	3	0.0488	0	0:00:15.900352
8780	4	4	0.545	1	0:00:15.897352
8785	8	8	0.244	1	0:00:15.896663
8790	0	-1	0.0	0	0:00:15.903773
8795	0	0	1.91	1	0:00:15.886384
8800	0	0	1.75	1	0:00:15.883304
8805	9	9	0.772	1	0:00:15.897509
8810	2	3	0.148	0	0:00:15.897235
8815	3	5	0.0217	0	0:00:15.897014
8820	2	2	1.57	1	0:00:15.891320
8825	0	8	0.142	0	0:00:15.896125
8830	9	9	1.35	1	0:00:15.893480
8835	7	7	1.26	1	0:00:15.890485
8840	2	-1	0.0	0	0:00:15.892720
8845	2	2	1.58	1	0:00:15.886258
8850	1	1	0.135	1	0:00:15.894936
8855	4	-1	0.0	0	0:00:15.895006
8860	2	2	0.661	1	0:00:15.892730
8865	7	7	0.719	1	0:00:15.897374
8870	5	5	0.316	1	0:00:15.897934
8875	8	1	0.0434	0	0:00:15.891887
8880	1	1	0.835	1	0:00:15.892631
8885	3	3	1.16	1	0:00:15.892581
8890	8	8	1.7	1	0:00:15.891594
8895	0	0	1.04	1	0:00:15.891803
8900	2	4	0.301	0	0:00:15.896526
8905	8	8	0.103	1	0:00:15.896052
8910	1	1	0.492	1	0:00:15.896967
8915	9	9	1.04	1	0:00:15.893150
8920	6	6	0.992	1	0:00:15.898515
8925	0	0	1.27	1	0:00:15.883172
8930	3	3	0.266	1	0:00:15.897937
8935	0	0	0.883	1	0:00:15.892096
8940	6	3	0.886	0	0:00:15.890120
8945	1	1	0.77	1	0:00:15.889671
8950	9	9	1.48	1	0:00:15.893854
8955	1	9	0.0179	0	0:00:15.895136
8960	0	0	1.21	1	0:00:15.882330
8965	4	-1	0.0	0	0:00:15.894251
8970	0	0	1.06	1	0:00:15.892752
8975	8	8	1.5	1	0:00:15.898972
8980	9	9	1.78	1	0:00:15.897179
8985	9	0	0.452	0	0:00:15.891717
8990	1	1	1.91	1	0:00:15.889337
8995	9	9	0.603	1	0:00:15.896569
9000	8	8	1.91	1	0:00:15.896112
9005	5	5	1.18	1	0:00:15.888046
9010	8	-1	0.0	0	0:00:15.890340
9015	8	8	0.384	1	0:00:15.885140
9020	7	7	0.739	1	0:00:15.895464
9025	5	5	1.2	1	0:00:15.896257
9030	2	2	0.27	1	0:00:15.897177
9035	4	-1	0.0	0	0:00:15.896904
9040	2	5	1.29	0	0:00:15.897020
9045	0	0	1.91	1	0:00:15.887945
9050	5	3	0.781	0	0:00:15.894872
9055	6	6	1.56	1	0:00:15.897488
9060	9	9	0.17	1	0:00:15.892654
9065	0	0	0.759	1	0:00:15.887785
9070	2	2	0.0902	1	0:00:15.895397
9075	0	0	1.67	1	0:00:15.884451
9080	3	-1	0.0	0	0:00:15.884283
9085	9	9	0.331	1	0:00:15.894965
9090	2	2	0.192	1	0:00:15.892852
9095	5	6	0.111	0	0:00:15.896193
9100	9	-1	0.0	0	0:00:15.894273
9105	8	8	0.436	1	0:00:15.886373
9110	1	1	1.61	1	0:00:15.894337
9115	8	8	1.91	1	0:00:15.888450
9120	3	3	0.0975	1	0:00:15.886475
9125	1	1	0.59	1	0:00:15.897853
9130	8	8	0.0118	1	0:00:15.898690
9135	7	-1	0.0	0	0:00:15.898632
9140	7	-1	0.0	0	0:00:15.892899
9145	1	1	0.411	1	0:00:15.895178
9150	6	6	0.774	1	0:00:15.895216
9155	5	5	0.427	1	0:00:15.896680
9160	5	5	0.195	1	0:00:15.893753
9165	4	-1	0.0	0	0:00:15.891315
9170	0	9	0.276	0	0:00:15.896472
9175	8	8	1.25	1	0:00:15.897879
9180	5	5	1.91	1	0:00:15.895776
9185	1	3	0.031	0	0:00:15.895557
9190	3	5	0.317	0	0:00:15.895073
9195	6	6	0.214	1	0:00:15.895561
9200	8	8	1.1	1	0:00:15.892271
9205	4	4	0.0717	1	0:00:15.897786
9210	7	7	0.658	1	0:00:15.894641
9215	5	3	0.204	0	0:00:15.898020
9220	8	8	1.68	1	0:00:15.893188
9225	5	5	0.296	1	0:00:15.895387
9230	2	-1	0.0	0	0:00:15.890301
9235	0	0	0.51	1	0:00:15.891899
9240	8	8	0.522	1	0:00:15.896392
9245	1	1	0.901	1	0:00:15.893710
9250	3	5	0.427	0	0:00:15.898411
9255	3	3	1.44	1	0:00:15.896048
9260	5	5	0.646	1	0:00:15.892245
9265	1	1	0.393	1	0:00:15.898688
9270	9	9	1.41	1	0:00:15.893834
9275	8	8	0.809	1	0:00:15.893471
9280	9	1	0.286	0	0:00:15.887584
9285	8	9	0.0476	0	0:00:15.891082
9290	4	2	0.0834	0	0:00:15.893912
9295	3	5	0.158	0	0:00:15.897634
9300	5	-1	0.0	0	0:00:15.895519
9305	5	-1	0.0	0	0:00:15.894546
9310	3	3	0.188	1	0:00:15.882802
9315	7	7	0.515	1	0:00:15.892405
9320	9	9	1.19	1	0:00:15.893120
9325	6	6	0.643	1	0:00:15.894634
9330	4	4	0.0273	1	0:00:15.891618
9335	4	4	0.591	1	0:00:15.888579
9340	1	1	1.81	1	0:00:15.891841
9345	1	9	0.0692	0	0:00:15.892859
9350	6	6	0.422	1	0:00:15.895452
9355	6	8	0.27	0	0:00:15.898689
9360	5	0	0.517	0	0:00:15.894501
9365	6	6	0.817	1	0:00:15.901615
9370	8	9	0.598	0	0:00:15.896857
9375	3	-1	0.0	0	0:00:15.899292
9380	5	5	0.381	1	0:00:15.899252
9385	7	5	1.2	0	0:00:15.895359
9390	7	7	1.62	1	0:00:15.895115
9395	7	7	1.91	1	0:00:15.893232
9400	6	6	0.923	1	0:00:15.893595
9405	8	8	0.48	1	0:00:15.893709
9410	5	5	1.4	1	0:00:15.887236
9415	0	4	0.388	0	0:00:15.897001
9420	5	5	0.975	1	0:00:15.899931
9425	6	6	0.532	1	0:00:15.899338
9430	6	6	0.422	1	0:00:15.896758
9435	2	2	0.0911	1	0:00:15.890784
9440	8	8	1.53	1	0:00:15.891821
9445	9	7	0.535	0	0:00:15.889704
9450	6	6	0.0121	1	0:00:15.898092
9455	1	1	1.29	1	0:00:15.899432
9460	3	7	0.203	0	0:00:15.899145
9465	5	5	0.382	1	0:00:15.899246
9470	9	9	1.38	1	0:00:15.895568
9475	2	2	0.175	1	0:00:15.892151
9480	2	2	0.132	1	0:00:15.897615
9485	7	4	0.00168	0	0:00:15.896456
9490	8	8	0.269	1	0:00:15.893372
9495	0	0	0.835	1	0:00:15.887399
9500	9	9	0.794	1	0:00:15.902532
9505	3	-1	0.0	0	0:00:15.894403
9510	1	1	0.656	1	0:00:15.894049
9515	0	9	0.446	0	0:00:15.894222
9520	1	1	0.226	1	0:00:15.895391
9525	2	2	0.907	1	0:00:15.892582
9530	6	6	1.91	1	0:00:15.894139
9535	1	-1	0.0	0	0:00:15.897814
9540	5	5	1.07	1	0:00:15.893298
9545	9	9	0.946	1	0:00:15.894305
9550	6	6	0.736	1	0:00:15.896163
9555	4	-1	0.0	0	0:00:15.896425
9560	9	7	0.278	0	0:00:15.894011
9565	0	0	1.91	1	0:00:15.884502
9570	7	7	1.7	1	0:00:15.897986
9575	5	5	0.279	1	0:00:15.896946
9580	1	1	0.539	1	0:00:15.896761
9585	4	4	0.214	1	0:00:15.898391
9590	0	0	0.394	1	0:00:15.893430
9595	7	7	1.46	1	0:00:15.900006
9600	8	8	0.556	1	0:00:15.891172
9605	5	-1	0.0	0	0:00:15.898861
9610	4	4	0.177	1	0:00:15.896489
9615	6	6	0.523	1	0:00:15.898393
9620	4	4	0.4	1	0:00:15.887470
9625	2	0	0.0484	0	0:00:15.888863
9630	6	6	0.00655	1	0:00:15.889971
9635	7	7	0.0877	1	0:00:15.892765
9640	5	-1	0.0	0	0:00:15.895529
9645	1	1	1.91	1	0:00:15.891699
9650	8	8	1.31	1	0:00:15.889419
9655	8	8	0.704	1	0:00:15.889515
9660	6	6	1.46	1	0:00:15.892339
9665	3	5	0.177	0	0:00:15.884070
9670	1	1	0.941	1	0:00:15.890283
9675	4	4	0.442	1	0:00:15.892339
9680	8	8	1.02	1	0:00:15.887510
9685	0	2	0.267	0	0:00:15.889685
9690	4	4	0.107	1	0:00:15.896629
9695	0	0	1.28	1	0:00:15.882590
9700	0	0	1.27	1	0:00:15.876118
9705	6	6	0.665	1	0:00:15.887605
9710	7	5	0.752	0	0:00:15.880152
9715	4	4	0.117	1	0:00:15.891984
9720	8	-1	0.0	0	0:00:15.883452
9725	8	-1	0.0	0	0:00:15.888728
9730	6	6	1.6	1	0:00:15.889448
9735	6	0	0.277	0	0:00:15.888940
9740	3	6	0.416	0	0:00:15.894628
9745	3	3	1.14	1	0:00:15.894212
9750	2	2	0.739	1	0:00:15.895634
9755	3	-1	0.0	0	0:00:15.895207
9760	9	9	0.161	1	0:00:15.889473
9765	4	-1	0.0	0	0:00:15.880329
9770	4	3	0.248	0	0:00:15.892097
9775	9	9	1.6	1	0:00:15.896714
9780	4	6	0.0861	0	0:00:15.892923
9785	8	8	0.42	1	0:00:15.894143
9790	8	8	0.0288	1	0:00:15.885391
9795	4	2	0.1	0	0:00:15.886391
9800	1	1	1.91	1	0:00:15.884096
9805	2	0	0.624	0	0:00:15.886223
9810	8	8	0.224	1	0:00:15.890323
9815	5	2	0.0379	0	0:00:15.891421
9820	0	8	0.489	0	0:00:15.892483
9825	2	2	0.734	1	0:00:15.889158
9830	1	1	0.61	1	0:00:15.892385
9835	7	7	1.11	1	0:00:15.893994
9840	4	3	0.69	0	0:00:15.897449
9845	9	9	0.646	1	0:00:15.891704
9850	7	4	0.554	0	0:00:15.898687
9855	7	4	0.173	0	0:00:15.893338
9860	0	5	0.00563	0	0:00:15.890505
9865	1	1	0.32	1	0:00:15.899916
9870	2	2	0.244	1	0:00:15.898643
9875	9	9	0.0814	1	0:00:15.892682
9880	7	7	0.367	1	0:00:15.895993
9885	8	8	0.966	1	0:00:15.892028
9890	0	0	1.3	1	0:00:15.892839
9895	4	4	0.645	1	0:00:15.893735
9900	8	8	0.149	1	0:00:15.889087
9905	1	1	0.134	1	0:00:15.892377
9910	4	7	0.356	0	0:00:15.895836
9915	2	2	1.1	1	0:00:15.895252
9920	6	6	0.864	1	0:00:15.891822
9925	4	4	0.256	1	0:00:15.890707
9930	8	3	0.571	0	0:00:15.896036
9935	1	1	1.0	1	0:00:15.896488
9940	4	5	0.104	0	0:00:15.899988
9945	7	7	0.913	1	0:00:15.895557
9950	3	-1	0.0	0	0:00:15.891036
9955	8	8	0.857	1	0:00:15.890897
9960	2	0	1.52	0	0:00:15.889789
9965	2	-1	0.0	0	0:00:15.897421
9970	2	4	1.24	0	0:00:15.894333
9975	7	7	1.91	1	0:00:15.896507
9980	0	0	1.61	1	0:00:15.887400
9985	5	3	0.16	0	0:00:15.898348
9990	7	7	1.18	1	0:00:15.896176
9995	8	8	1.14	1	0:00:15.890946
