idx	label	predict	radius	correct	time
0	3	3	0.262	1	0:00:15.557344
5	6	6	0.499	1	0:00:15.475410
10	0	0	0.44	1	0:00:15.659081
15	8	8	0.638	1	0:00:15.822650
20	7	7	0.333	1	0:00:15.932466
25	2	2	0.647	1	0:00:16.042901
30	6	6	0.58	1	0:00:16.120587
35	2	3	0.0774	0	0:00:16.191139
40	4	4	0.484	1	0:00:16.201037
45	9	9	1.02	1	0:00:16.227192
50	9	9	0.307	1	0:00:16.266010
55	8	8	0.414	1	0:00:16.280087
60	7	7	1.14	1	0:00:16.301661
65	2	2	0.466	1	0:00:16.319577
70	2	-1	0.0	0	0:00:16.320827
75	2	2	0.595	1	0:00:16.332439
80	8	8	0.983	1	0:00:16.342906
85	5	7	1.62	0	0:00:16.362436
90	0	0	0.202	1	0:00:16.403297
95	6	-1	0.0	0	0:00:16.415535
100	4	-1	0.0	0	0:00:16.389889
105	1	1	1.66	1	0:00:16.388120
110	4	-1	0.0	0	0:00:16.390545
115	3	-1	0.0	0	0:00:16.398952
120	8	8	0.133	1	0:00:16.388987
125	0	-1	0.0	0	0:00:16.412668
130	4	-1	0.0	0	0:00:16.398827
135	2	3	0.193	0	0:00:16.411122
140	6	6	0.152	1	0:00:16.403606
145	7	7	0.498	1	0:00:16.404589
150	8	8	0.472	1	0:00:16.419565
155	5	5	0.184	1	0:00:16.431664
160	2	0	0.0553	0	0:00:16.406480
165	4	2	0.514	0	0:00:16.394384
170	9	9	0.528	1	0:00:16.398400
175	9	9	1.17	1	0:00:16.399577
180	0	0	1.31	1	0:00:16.397835
185	8	8	1.23	1	0:00:16.382566
190	5	5	0.379	1	0:00:16.384332
195	2	2	0.402	1	0:00:16.387115
200	5	5	0.522	1	0:00:16.382473
205	3	-1	0.0	0	0:00:16.386454
210	7	-1	0.0	0	0:00:16.400646
215	0	2	0.19	0	0:00:16.412056
220	7	7	1.31	1	0:00:16.414828
225	9	9	0.974	1	0:00:16.375528
230	5	5	1.4	1	0:00:16.376027
235	0	0	1.91	1	0:00:16.369780
240	1	1	1.67	1	0:00:16.386368
245	3	8	0.867	0	0:00:16.380111
250	5	-1	0.0	0	0:00:16.381678
255	0	0	0.278	1	0:00:16.383717
260	8	8	0.0921	1	0:00:16.371878
265	8	8	1.23	1	0:00:16.380970
270	2	2	0.137	1	0:00:16.392022
275	5	-1	0.0	0	0:00:16.413217
280	9	9	1.44	1	0:00:16.408328
285	9	9	1.83	1	0:00:16.374101
290	1	1	1.91	1	0:00:16.379483
295	4	-1	0.0	0	0:00:16.367047
300	6	6	0.677	1	0:00:16.374495
305	1	-1	0.0	0	0:00:16.373093
310	8	8	0.528	1	0:00:16.368725
315	0	0	1.49	1	0:00:16.368242
320	3	5	0.174	0	0:00:16.380502
325	1	1	0.238	1	0:00:16.373957
330	1	1	0.355	1	0:00:16.377199
335	9	9	0.597	1	0:00:16.402463
340	2	4	0.418	0	0:00:16.399654
345	5	5	1.25	1	0:00:16.366870
350	9	9	0.297	1	0:00:16.367182
355	7	7	0.0738	1	0:00:16.376385
360	9	7	0.148	0	0:00:16.374325
365	4	7	0.097	0	0:00:16.376592
370	4	4	0.0593	1	0:00:16.374583
375	7	7	0.538	1	0:00:16.367141
380	6	6	0.358	1	0:00:16.380675
385	8	0	1.49	0	0:00:16.359014
390	1	1	1.4	1	0:00:16.368358
395	6	6	0.629	1	0:00:16.399452
400	9	9	1.26	1	0:00:16.393784
405	4	2	0.128	0	0:00:16.369393
410	7	-1	0.0	0	0:00:16.378492
415	9	9	0.948	1	0:00:16.370533
420	4	4	0.96	1	0:00:16.365967
425	9	9	0.81	1	0:00:16.378974
430	2	6	0.269	0	0:00:16.381777
435	7	7	0.276	1	0:00:16.373348
440	1	1	0.385	1	0:00:16.377401
445	7	2	0.335	0	0:00:16.368448
450	2	2	0.69	1	0:00:16.373561
455	4	-1	0.0	0	0:00:16.393982
460	5	5	0.233	1	0:00:16.396833
465	4	6	0.437	0	0:00:16.391881
470	3	5	0.166	0	0:00:16.380396
475	7	7	1.11	1	0:00:16.373717
480	8	9	0.249	0	0:00:16.369342
485	9	-1	0.0	0	0:00:16.373085
490	1	1	0.774	1	0:00:16.373825
495	8	8	0.694	1	0:00:16.366157
500	4	6	0.359	0	0:00:16.363440
505	4	4	0.401	1	0:00:16.371214
510	5	5	0.946	1	0:00:16.374494
515	3	6	0.873	0	0:00:16.396036
520	5	5	0.121	1	0:00:16.400015
525	5	5	0.0284	1	0:00:16.384165
530	9	9	0.853	1	0:00:16.370411
535	6	6	0.458	1	0:00:16.361179
540	1	1	0.102	1	0:00:16.368430
545	9	9	0.473	1	0:00:16.379268
550	5	2	0.0543	0	0:00:16.358081
555	4	8	0.213	0	0:00:16.359865
560	0	0	1.62	1	0:00:16.360930
565	3	5	1.12	0	0:00:16.359119
570	6	6	0.414	1	0:00:16.372351
575	6	6	0.368	1	0:00:16.381437
580	4	4	0.405	1	0:00:16.391853
585	9	-1	0.0	0	0:00:16.394389
590	6	6	1.52	1	0:00:16.363690
595	4	4	0.105	1	0:00:16.370049
600	8	8	0.34	1	0:00:16.372235
605	6	6	1.54	1	0:00:16.369118
610	6	6	0.634	1	0:00:16.372082
615	8	-1	0.0	0	0:00:16.368516
620	7	7	0.737	1	0:00:16.371149
625	9	9	0.476	1	0:00:16.375008
630	2	-1	0.0	0	0:00:16.364628
635	6	6	0.72	1	0:00:16.368119
640	5	3	0.815	0	0:00:16.400631
645	1	1	0.45	1	0:00:16.401207
650	3	3	0.623	1	0:00:16.368219
655	2	4	0.844	0	0:00:16.362818
660	9	9	0.901	1	0:00:16.367776
665	8	8	0.801	1	0:00:16.369407
670	6	6	0.863	1	0:00:16.369097
675	0	0	0.129	1	0:00:16.366674
680	9	-1	0.0	0	0:00:16.376368
685	6	-1	0.0	0	0:00:16.381450
690	3	-1	0.0	0	0:00:16.367400
695	3	4	0.383	0	0:00:16.373104
700	7	7	0.672	1	0:00:16.402646
705	4	4	0.535	1	0:00:16.405234
710	6	2	0.781	0	0:00:16.373617
715	3	3	0.528	1	0:00:16.375424
720	4	7	0.108	0	0:00:16.374016
725	2	8	0.0769	0	0:00:16.375346
730	4	-1	0.0	0	0:00:16.371100
735	4	4	0.17	1	0:00:16.361873
740	2	5	0.858	0	0:00:16.367411
745	7	7	0.469	1	0:00:16.374766
750	9	9	0.957	1	0:00:16.379861
755	2	4	0.43	0	0:00:16.377042
760	3	3	0.0779	1	0:00:16.394256
765	2	2	0.611	1	0:00:16.391226
770	6	-1	0.0	0	0:00:16.375361
775	2	4	0.24	0	0:00:16.362566
780	9	9	0.217	1	0:00:16.379543
785	0	0	0.334	1	0:00:16.376884
790	3	0	1.91	0	0:00:16.368364
795	7	5	0.29	0	0:00:16.374555
800	7	7	1.87	1	0:00:16.370187
805	4	6	0.145	0	0:00:16.373502
810	5	3	0.226	0	0:00:16.382406
815	8	8	0.9	1	0:00:16.370913
820	6	-1	0.0	0	0:00:16.395975
825	3	6	0.277	0	0:00:16.415177
830	1	1	0.247	1	0:00:16.397400
835	4	3	0.0442	0	0:00:16.369454
840	7	7	1.91	1	0:00:16.363887
845	3	3	0.312	1	0:00:16.373872
850	7	5	0.749	0	0:00:16.366275
855	7	7	0.998	1	0:00:16.371937
860	4	4	0.267	1	0:00:16.363516
865	1	1	0.717	1	0:00:16.371737
870	3	6	0.763	0	0:00:16.377982
875	8	8	0.65	1	0:00:16.361536
880	8	8	1.01	1	0:00:16.380535
885	0	0	1.33	1	0:00:16.401445
890	4	4	0.469	1	0:00:16.391413
895	1	1	0.596	1	0:00:16.378403
900	2	2	0.222	1	0:00:16.362872
905	7	4	0.0368	0	0:00:16.367130
910	5	-1	0.0	0	0:00:16.374031
915	1	1	1.48	1	0:00:16.366434
920	6	6	0.156	1	0:00:16.369239
925	5	3	1.54	0	0:00:16.376799
930	4	7	0.025	0	0:00:16.372062
935	2	2	0.493	1	0:00:16.369030
940	9	9	1.09	1	0:00:16.379119
945	3	5	0.53	0	0:00:16.390796
950	3	-1	0.0	0	0:00:16.401299
955	7	7	1.21	1	0:00:16.363761
960	9	9	0.556	1	0:00:16.358004
965	6	-1	0.0	0	0:00:16.358627
970	9	9	0.519	1	0:00:16.369071
975	0	0	1.51	1	0:00:16.362177
980	2	6	0.23	0	0:00:16.361134
985	8	8	1.84	1	0:00:16.362150
990	1	1	0.371	1	0:00:16.368390
995	3	-1	0.0	0	0:00:16.372679
1000	5	5	1.83	1	0:00:16.371717
1005	1	1	0.876	1	0:00:16.404259
1010	0	0	1.91	1	0:00:16.388493
1015	4	4	0.0695	1	0:00:16.367114
1020	1	1	1.43	1	0:00:16.366024
1025	5	5	0.934	1	0:00:16.369095
1030	3	3	0.241	1	0:00:16.359474
1035	6	2	0.0832	0	0:00:16.366954
1040	7	5	0.769	0	0:00:16.363866
1045	5	3	0.435	0	0:00:16.363697
1050	3	0	0.948	0	0:00:16.362338
1055	5	5	0.686	1	0:00:16.368970
1060	9	9	0.939	1	0:00:16.365711
1065	3	9	0.352	0	0:00:16.390333
1070	3	5	0.307	0	0:00:16.401393
1075	8	8	0.116	1	0:00:16.370502
1080	6	6	0.445	1	0:00:16.365251
1085	4	4	1.25	1	0:00:16.369852
1090	0	0	0.827	1	0:00:16.365621
1095	2	2	0.219	1	0:00:16.362232
1100	7	7	0.248	1	0:00:16.358138
1105	4	3	0.543	0	0:00:16.369688
1110	2	2	1.91	1	0:00:16.367875
1115	1	1	0.198	1	0:00:16.366670
1120	5	-1	0.0	0	0:00:16.379968
1125	6	6	0.551	1	0:00:16.396509
1130	7	0	0.11	0	0:00:16.392921
1135	6	-1	0.0	0	0:00:16.381239
1140	6	6	0.132	1	0:00:16.361085
1145	4	-1	0.0	0	0:00:16.367653
1150	2	7	0.962	0	0:00:16.359720
1155	9	-1	0.0	0	0:00:16.362987
1160	8	0	0.136	0	0:00:16.368640
1165	0	0	1.44	1	0:00:16.365877
1170	7	-1	0.0	0	0:00:16.367983
1175	9	9	0.728	1	0:00:16.369970
1180	3	3	0.253	1	0:00:16.371561
1185	1	-1	0.0	0	0:00:16.389299
1190	1	1	0.844	1	0:00:16.394197
1195	6	6	1.91	1	0:00:16.395764
1200	8	8	0.428	1	0:00:16.370208
1205	8	8	0.238	1	0:00:16.363771
1210	0	0	0.658	1	0:00:16.376727
1215	7	7	1.38	1	0:00:16.378749
1220	9	-1	0.0	0	0:00:16.364511
1225	6	6	0.887	1	0:00:16.365495
1230	5	3	0.558	0	0:00:16.370494
1235	5	5	0.399	1	0:00:16.367436
1240	2	6	1.02	0	0:00:16.378295
1245	6	-1	0.0	0	0:00:16.382029
1250	7	7	1.02	1	0:00:16.400363
1255	4	4	0.135	1	0:00:16.395922
1260	1	9	0.261	0	0:00:16.377865
1265	9	1	0.755	0	0:00:16.372108
1270	1	-1	0.0	0	0:00:16.366174
1275	3	3	0.398	1	0:00:16.370443
1280	3	7	0.242	0	0:00:16.377478
1285	9	7	0.0136	0	0:00:16.377753
1290	5	5	0.791	1	0:00:16.373166
1295	0	0	1.47	1	0:00:16.377385
1300	4	3	0.344	0	0:00:16.357706
1305	9	9	1.1	1	0:00:16.373233
1310	0	0	1.64	1	0:00:16.411466
1315	4	2	0.357	0	0:00:16.394611
1320	7	2	0.0223	0	0:00:16.364507
1325	2	4	0.00515	0	0:00:16.360172
1330	2	-1	0.0	0	0:00:16.370751
1335	1	1	1.58	1	0:00:16.372834
1340	1	1	0.704	1	0:00:16.366322
1345	4	-1	0.0	0	0:00:16.364964
1350	4	6	0.072	0	0:00:16.363713
1355	5	-1	0.0	0	0:00:16.376545
1360	7	7	0.393	1	0:00:16.366178
1365	0	0	1.72	1	0:00:16.362103
1370	9	9	0.784	1	0:00:16.411870
1375	4	4	0.828	1	0:00:16.391318
1380	4	5	0.322	0	0:00:16.365560
1385	5	5	0.481	1	0:00:16.370829
1390	6	6	1.01	1	0:00:16.363730
1395	3	-1	0.0	0	0:00:16.352301
1400	5	-1	0.0	0	0:00:16.358608
1405	1	1	0.16	1	0:00:16.358253
1410	1	1	1.39	1	0:00:16.358713
1415	7	7	1.19	1	0:00:16.360687
1420	4	7	0.212	0	0:00:16.357269
1425	4	-1	0.0	0	0:00:16.359610
1430	8	8	0.0781	1	0:00:16.383149
1435	1	1	1.11	1	0:00:16.384173
1440	0	8	0.152	0	0:00:16.366135
1445	3	3	0.292	1	0:00:16.359611
1450	2	2	0.514	1	0:00:16.359762
1455	6	6	1.21	1	0:00:16.359066
1460	6	6	1.02	1	0:00:16.363008
1465	9	1	0.145	0	0:00:16.351540
1470	7	-1	0.0	0	0:00:16.367031
1475	9	9	1.23	1	0:00:16.358940
1480	1	-1	0.0	0	0:00:16.362958
1485	0	0	0.643	1	0:00:16.365923
1490	8	8	1.25	1	0:00:16.381771
1495	2	0	0.665	0	0:00:16.391641
1500	1	1	0.565	1	0:00:16.380185
1505	2	-1	0.0	0	0:00:16.361262
1510	8	-1	0.0	0	0:00:16.363878
1515	2	2	0.886	1	0:00:16.362643
1520	7	7	0.884	1	0:00:16.364234
1525	3	-1	0.0	0	0:00:16.375121
1530	3	9	0.0652	0	0:00:16.366774
1535	4	2	0.151	0	0:00:16.366356
1540	8	8	0.986	1	0:00:16.371856
1545	1	1	0.75	1	0:00:16.374330
1550	6	6	0.904	1	0:00:16.392648
1555	0	0	1.31	1	0:00:16.395346
1560	7	7	1.84	1	0:00:16.390396
1565	6	6	0.311	1	0:00:16.366105
1570	4	4	0.00911	1	0:00:16.385295
1575	2	2	0.277	1	0:00:16.365885
1580	6	-1	0.0	0	0:00:16.366765
1585	7	7	1.87	1	0:00:16.366543
1590	4	-1	0.0	0	0:00:16.362994
1595	3	5	0.293	0	0:00:16.364649
1600	8	9	0.191	0	0:00:16.370591
1605	3	2	0.343	0	0:00:16.377672
1610	2	-1	0.0	0	0:00:16.375883
1615	7	9	0.0119	0	0:00:16.392488
1620	5	-1	0.0	0	0:00:16.395561
1625	3	-1	0.0	0	0:00:16.369341
1630	9	9	0.582	1	0:00:16.368638
1635	7	7	1.2	1	0:00:16.369483
1640	7	-1	0.0	0	0:00:16.366395
1645	4	4	0.618	1	0:00:16.369446
1650	5	5	1.87	1	0:00:16.370931
1655	8	8	0.84	1	0:00:16.356808
1660	3	5	0.117	0	0:00:16.375082
1665	6	6	1.1	1	0:00:16.357762
1670	6	4	0.372	0	0:00:16.368410
1675	5	-1	0.0	0	0:00:16.403266
1680	6	6	1.03	1	0:00:16.406200
1685	8	-1	0.0	0	0:00:16.372355
1690	2	0	0.0927	0	0:00:16.362235
1695	9	9	0.656	1	0:00:16.366433
1700	5	-1	0.0	0	0:00:16.365190
1705	0	0	1.91	1	0:00:16.368303
1710	4	4	0.0688	1	0:00:16.363220
1715	3	7	0.0613	0	0:00:16.358869
1720	4	4	0.553	1	0:00:16.349513
1725	0	0	1.91	1	0:00:16.348885
1730	4	0	0.0934	0	0:00:16.357807
1735	0	0	0.255	1	0:00:16.399132
1740	1	1	0.69	1	0:00:16.393369
1745	5	5	0.9	1	0:00:16.371812
1750	8	8	0.593	1	0:00:16.367518
1755	7	7	0.466	1	0:00:16.368623
1760	0	0	0.327	1	0:00:16.361642
1765	4	-1	0.0	0	0:00:16.368419
1770	7	7	0.516	1	0:00:16.368416
1775	3	3	0.502	1	0:00:16.372920
1780	7	7	0.701	1	0:00:16.371278
1785	0	0	0.289	1	0:00:16.362160
1790	7	5	0.728	0	0:00:16.363818
1795	6	6	0.208	1	0:00:16.388229
1800	4	4	0.125	1	0:00:16.404035
1805	8	8	0.706	1	0:00:16.386884
1810	1	1	0.363	1	0:00:16.373537
1815	9	9	0.849	1	0:00:16.375717
1820	8	8	0.47	1	0:00:16.375605
1825	2	2	1.73	1	0:00:16.371363
1830	3	2	0.0185	0	0:00:16.372577
1835	0	4	0.128	0	0:00:16.361450
1840	8	-1	0.0	0	0:00:16.364168
1845	7	7	0.131	1	0:00:16.359945
1850	1	3	0.934	0	0:00:16.361107
1855	5	5	0.653	1	0:00:16.386561
1860	8	8	0.989	1	0:00:16.391788
1865	7	-1	0.0	0	0:00:16.393633
1870	2	2	0.995	1	0:00:16.367317
1875	0	0	1.84	1	0:00:16.359817
1880	1	1	0.59	1	0:00:16.356417
1885	5	5	0.796	1	0:00:16.374531
1890	6	4	0.126	0	0:00:16.373927
1895	8	0	0.581	0	0:00:16.365392
1900	8	8	1.16	1	0:00:16.375413
1905	3	-1	0.0	0	0:00:16.377846
1910	4	4	0.682	1	0:00:16.367893
1915	9	9	1.7	1	0:00:16.375794
1920	2	2	0.965	1	0:00:16.394779
1925	1	1	0.68	1	0:00:16.395372
1930	1	1	0.344	1	0:00:16.358608
1935	6	-1	0.0	0	0:00:16.364915
1940	5	5	0.394	1	0:00:16.375741
1945	4	-1	0.0	0	0:00:16.358288
1950	5	5	0.0257	1	0:00:16.361690
1955	2	7	0.86	0	0:00:16.362170
1960	2	5	0.473	0	0:00:16.365048
1965	0	0	0.641	1	0:00:16.363645
1970	1	1	0.632	1	0:00:16.385167
1975	6	-1	0.0	0	0:00:16.371071
1980	9	9	1.38	1	0:00:16.397886
1985	6	2	0.434	0	0:00:16.391103
1990	4	-1	0.0	0	0:00:16.377682
1995	2	2	0.0176	1	0:00:16.369302
2000	1	-1	0.0	0	0:00:16.365821
2005	5	-1	0.0	0	0:00:16.368020
2010	7	5	0.0629	0	0:00:16.366118
2015	4	4	0.173	1	0:00:16.370450
2020	9	9	1.49	1	0:00:16.366822
2025	4	2	0.154	0	0:00:16.366669
2030	4	-1	0.0	0	0:00:16.366694
2035	6	6	0.0931	1	0:00:16.371363
2040	0	0	0.694	1	0:00:16.398589
2045	1	1	0.156	1	0:00:16.405773
2050	8	8	0.315	1	0:00:16.376978
2055	5	5	0.428	1	0:00:16.363548
2060	5	3	0.105	0	0:00:16.370096
2065	2	-1	0.0	0	0:00:16.363185
2070	2	4	0.364	0	0:00:16.364171
2075	4	7	0.326	0	0:00:16.367796
2080	1	1	0.393	1	0:00:16.370791
2085	0	-1	0.0	0	0:00:16.361615
2090	2	2	1.07	1	0:00:16.375447
2095	0	0	0.563	1	0:00:16.370366
2100	2	2	0.598	1	0:00:16.382847
2105	6	6	0.709	1	0:00:16.410724
2110	0	0	0.251	1	0:00:16.386914
2115	5	5	0.238	1	0:00:16.369747
2120	4	8	0.332	0	0:00:16.364376
2125	1	1	0.301	1	0:00:16.372081
2130	0	0	0.229	1	0:00:16.372218
2135	8	8	1.36	1	0:00:16.370708
2140	9	9	1.7	1	0:00:16.372553
2145	7	4	0.115	0	0:00:16.363998
2150	9	9	0.45	1	0:00:16.360508
2155	9	-1	0.0	0	0:00:16.358429
2160	0	0	0.0326	1	0:00:16.374106
2165	2	0	0.999	0	0:00:16.394411
2170	2	2	1.39	1	0:00:16.381164
2175	3	5	0.107	0	0:00:16.362428
2180	4	4	0.91	1	0:00:16.366132
2185	0	0	0.625	1	0:00:16.360300
2190	9	9	0.552	1	0:00:16.365733
2195	4	-1	0.0	0	0:00:16.369596
2200	0	0	0.434	1	0:00:16.356949
2205	5	5	0.386	1	0:00:16.368426
2210	2	2	0.37	1	0:00:16.362251
2215	0	-1	0.0	0	0:00:16.365513
2220	1	1	1.43	1	0:00:16.378947
2225	7	7	1.77	1	0:00:16.400906
2230	3	3	0.118	1	0:00:16.397826
2235	2	2	1.73	1	0:00:16.363022
2240	9	9	0.344	1	0:00:16.353801
2245	8	-1	0.0	0	0:00:16.367415
2250	7	-1	0.0	0	0:00:16.372227
2255	1	-1	0.0	0	0:00:16.369529
2260	4	4	0.382	1	0:00:16.365277
2265	8	8	1.23	1	0:00:16.358880
2270	2	2	0.281	1	0:00:16.362314
2275	6	-1	0.0	0	0:00:16.366860
2280	4	4	0.0755	1	0:00:16.365995
2285	3	5	0.522	0	0:00:16.397219
2290	9	9	1.07	1	0:00:16.388397
2295	8	8	0.347	1	0:00:16.357915
2300	3	-1	0.0	0	0:00:16.367044
2305	9	2	0.434	0	0:00:16.371456
2310	6	-1	0.0	0	0:00:16.371861
2315	2	2	0.207	1	0:00:16.370408
2320	5	2	0.414	0	0:00:16.372556
2325	7	-1	0.0	0	0:00:16.365932
2330	0	0	0.541	1	0:00:16.376441
2335	5	5	0.665	1	0:00:16.364399
2340	7	7	1.33	1	0:00:16.374024
2345	1	9	0.398	0	0:00:16.396248
2350	3	4	0.0274	0	0:00:16.391525
2355	9	-1	0.0	0	0:00:16.384136
2360	7	7	0.603	1	0:00:16.361343
2365	7	7	0.156	1	0:00:16.367182
2370	0	0	1.18	1	0:00:16.371763
2375	0	0	0.0603	1	0:00:16.372535
2380	8	8	0.748	1	0:00:16.356406
2385	4	-1	0.0	0	0:00:16.366589
2390	1	-1	0.0	0	0:00:16.358135
2395	7	-1	0.0	0	0:00:16.363626
2400	0	0	1.18	1	0:00:16.363994
2405	3	6	1.91	0	0:00:16.403659
2410	3	3	0.832	1	0:00:16.401931
2415	6	-1	0.0	0	0:00:16.385217
2420	8	-1	0.0	0	0:00:16.370609
2425	0	8	0.0445	0	0:00:16.375819
2430	7	7	0.41	1	0:00:16.371943
2435	6	6	0.172	1	0:00:16.373576
2440	7	7	0.759	1	0:00:16.379488
2445	6	6	1.18	1	0:00:16.370702
2450	1	1	1.7	1	0:00:16.372623
2455	6	-1	0.0	0	0:00:16.373852
2460	9	-1	0.0	0	0:00:16.368938
2465	9	9	0.734	1	0:00:16.397523
2470	7	7	1.62	1	0:00:16.405400
2475	6	6	1.4	1	0:00:16.384480
2480	8	8	1.08	1	0:00:16.364459
2485	6	6	1.01	1	0:00:16.364229
2490	0	0	0.534	1	0:00:16.374350
2495	9	8	1.02	0	0:00:16.368486
2500	4	4	0.183	1	0:00:16.360181
2505	7	7	0.235	1	0:00:16.368773
2510	4	-1	0.0	0	0:00:16.369780
2515	2	6	0.188	0	0:00:16.368539
2520	1	1	0.352	1	0:00:16.360797
2525	5	2	0.327	0	0:00:16.376246
2530	6	6	0.695	1	0:00:16.385169
2535	0	-1	0.0	0	0:00:16.378403
2540	2	-1	0.0	0	0:00:16.361839
2545	4	7	0.0895	0	0:00:16.360589
2550	4	-1	0.0	0	0:00:16.361867
2555	7	9	0.194	0	0:00:16.367368
2560	7	7	0.419	1	0:00:16.370641
2565	3	3	0.381	1	0:00:16.358355
2570	0	-1	0.0	0	0:00:16.367135
2575	5	4	0.825	0	0:00:16.371003
2580	6	6	0.152	1	0:00:16.376186
2585	3	2	0.0471	0	0:00:16.378122
2590	5	3	0.352	0	0:00:16.400326
2595	4	-1	0.0	0	0:00:16.393868
2600	8	8	1.74	1	0:00:16.366096
2605	4	-1	0.0	0	0:00:16.374356
2610	2	2	1.33	1	0:00:16.363999
2615	7	7	0.707	1	0:00:16.378237
2620	1	1	0.102	1	0:00:16.377886
2625	2	2	0.636	1	0:00:16.377155
2630	2	2	0.231	1	0:00:16.368335
2635	6	4	0.118	0	0:00:16.375532
2640	7	7	1.01	1	0:00:16.369238
2645	1	1	1.6	1	0:00:16.366820
2650	5	9	0.0384	0	0:00:16.409932
2655	4	0	1.13	0	0:00:16.395980
2660	3	5	0.154	0	0:00:16.370168
2665	1	1	1.78	1	0:00:16.365957
2670	9	9	0.00224	1	0:00:16.367399
2675	2	2	0.319	1	0:00:16.369454
2680	0	0	1.55	1	0:00:16.370181
2685	2	4	0.616	0	0:00:16.359613
2690	2	-1	0.0	0	0:00:16.376592
2695	2	6	0.156	0	0:00:16.360087
2700	9	9	0.222	1	0:00:16.366801
2705	8	0	0.424	0	0:00:16.358538
2710	7	7	1.8	1	0:00:16.387268
2715	0	0	1.1	1	0:00:16.395231
2720	3	3	0.177	1	0:00:16.380872
2725	8	8	0.639	1	0:00:16.361084
2730	6	6	0.387	1	0:00:16.364439
2735	2	-1	0.0	0	0:00:16.363938
2740	1	1	0.368	1	0:00:16.368241
2745	8	8	1.84	1	0:00:16.375275
2750	5	5	1.77	1	0:00:16.373487
2755	5	7	1.09	0	0:00:16.365343
2760	2	2	0.376	1	0:00:16.361249
2765	9	9	0.896	1	0:00:16.369154
2770	7	-1	0.0	0	0:00:16.387817
2775	3	3	0.488	1	0:00:16.399224
2780	7	7	1.68	1	0:00:16.382584
2785	4	4	0.0765	1	0:00:16.365218
2790	8	8	1.63	1	0:00:16.359701
2795	3	3	1.42	1	0:00:16.360963
2800	4	4	0.333	1	0:00:16.354874
2805	4	4	0.56	1	0:00:16.367204
2810	9	7	0.661	0	0:00:16.370402
2815	3	3	0.498	1	0:00:16.365964
2820	6	6	1.02	1	0:00:16.363435
2825	2	-1	0.0	0	0:00:16.361005
2830	6	6	0.854	1	0:00:16.377427
2835	4	4	0.223	1	0:00:16.397372
2840	3	3	1.91	1	0:00:16.374965
2845	5	6	0.281	0	0:00:16.361719
2850	5	5	1.87	1	0:00:16.370584
2855	3	-1	0.0	0	0:00:16.364729
2860	5	-1	0.0	0	0:00:16.361616
2865	6	6	0.429	1	0:00:16.362369
2870	8	8	0.131	1	0:00:16.364028
2875	1	9	0.0326	0	0:00:16.370935
2880	4	4	1.33	1	0:00:16.369531
2885	5	5	1.91	1	0:00:16.368201
2890	5	5	0.336	1	0:00:16.382679
2895	7	5	1.3	0	0:00:16.403288
2900	3	5	0.22	0	0:00:16.403118
2905	4	4	0.167	1	0:00:16.368333
2910	8	8	0.625	1	0:00:16.361370
2915	5	5	1.5	1	0:00:16.369958
2920	2	3	0.395	0	0:00:16.364722
2925	4	7	0.00252	0	0:00:16.364949
2930	7	7	0.28	1	0:00:16.373518
2935	8	8	0.0847	1	0:00:16.366445
2940	3	0	0.791	0	0:00:16.356468
2945	7	-1	0.0	0	0:00:16.364556
2950	1	1	0.369	1	0:00:16.360648
2955	2	3	0.000274	0	0:00:16.398112
2960	9	9	0.483	1	0:00:16.390931
2965	7	7	0.48	1	0:00:16.368247
2970	5	5	0.839	1	0:00:16.365386
2975	9	-1	0.0	0	0:00:16.368854
2980	8	1	0.117	0	0:00:16.359636
2985	2	9	0.249	0	0:00:16.363180
2990	4	4	0.408	1	0:00:16.368983
2995	4	4	0.249	1	0:00:16.360048
3000	5	5	1.76	1	0:00:16.365601
3005	0	7	0.0825	0	0:00:16.365629
3010	6	6	0.665	1	0:00:16.364318
3015	6	6	0.402	1	0:00:16.393247
3020	1	1	0.625	1	0:00:16.400899
3025	2	-1	0.0	0	0:00:16.374538
3030	6	6	0.142	1	0:00:16.360057
3035	3	3	0.458	1	0:00:16.358773
3040	7	7	1.91	1	0:00:16.365726
3045	5	5	0.944	1	0:00:16.357902
3050	0	0	0.0515	1	0:00:16.356834
3055	9	9	1.32	1	0:00:16.360909
3060	7	7	0.892	1	0:00:16.363126
3065	3	3	0.0666	1	0:00:16.366741
3070	0	0	0.744	1	0:00:16.356887
3075	6	3	0.453	0	0:00:16.375436
3080	1	-1	0.0	0	0:00:16.392653
3085	2	6	0.342	0	0:00:16.373294
3090	4	4	0.642	1	0:00:16.354204
3095	4	-1	0.0	0	0:00:16.354465
3100	0	0	1.11	1	0:00:16.349250
3105	1	1	0.633	1	0:00:16.360744
3110	7	3	0.645	0	0:00:16.356865
3115	5	-1	0.0	0	0:00:16.362858
3120	4	-1	0.0	0	0:00:16.355681
3125	3	3	0.505	1	0:00:16.352103
3130	3	5	0.356	0	0:00:16.352372
3135	7	7	0.304	1	0:00:16.373846
3140	8	8	0.752	1	0:00:16.382548
3145	9	-1	0.0	0	0:00:16.379431
3150	1	9	0.603	0	0:00:16.358450
3155	8	8	1.23	1	0:00:16.349933
3160	6	2	0.808	0	0:00:16.362464
3165	1	-1	0.0	0	0:00:16.348931
3170	9	9	0.818	1	0:00:16.365522
3175	1	1	0.558	1	0:00:16.362779
3180	3	3	0.452	1	0:00:16.364090
3185	2	6	0.0185	0	0:00:16.359250
3190	3	6	0.354	0	0:00:16.351367
3195	5	6	0.0378	0	0:00:16.374233
3200	5	7	0.132	0	0:00:16.385504
3205	8	8	0.697	1	0:00:16.394006
3210	9	9	1.75	1	0:00:16.363554
3215	1	1	0.929	1	0:00:16.365873
3220	3	9	0.103	0	0:00:16.368203
3225	9	9	0.962	1	0:00:16.364303
3230	3	-1	0.0	0	0:00:16.374435
3235	5	-1	0.0	0	0:00:16.368871
3240	4	-1	0.0	0	0:00:16.365922
3245	7	7	0.55	1	0:00:16.363348
3250	2	6	0.0814	0	0:00:16.367760
3255	5	5	0.514	1	0:00:16.372627
3260	7	7	0.68	1	0:00:16.400234
3265	8	8	0.889	1	0:00:16.393418
3270	8	8	0.354	1	0:00:16.359431
3275	5	7	0.852	0	0:00:16.377443
3280	3	5	0.905	0	0:00:16.365319
3285	1	1	1.12	1	0:00:16.371119
3290	5	5	0.367	1	0:00:16.373737
3295	9	9	1.22	1	0:00:16.367324
3300	4	4	0.505	1	0:00:16.369983
3305	9	9	1.49	1	0:00:16.370779
3310	6	6	0.05	1	0:00:16.366884
3315	3	-1	0.0	0	0:00:16.365641
3320	2	7	1.45	0	0:00:16.399936
3325	6	-1	0.0	0	0:00:16.396657
3330	7	7	0.454	1	0:00:16.375833
3335	0	9	0.00138	0	0:00:16.369374
3340	6	6	0.3	1	0:00:16.361542
3345	7	7	1.91	1	0:00:16.382468
3350	8	8	0.917	1	0:00:16.365720
3355	5	-1	0.0	0	0:00:16.365830
3360	4	4	0.075	1	0:00:16.370336
3365	9	9	1.16	1	0:00:16.372176
3370	1	1	1.43	1	0:00:16.373327
3375	4	4	0.00953	1	0:00:16.371780
3380	8	8	0.888	1	0:00:16.392511
3385	8	8	0.0239	1	0:00:16.387684
3390	3	5	1.26	0	0:00:16.382091
3395	9	9	0.867	1	0:00:16.375339
3400	6	4	0.592	0	0:00:16.365338
3405	7	7	1.32	1	0:00:16.365277
3410	4	4	0.947	1	0:00:16.358745
3415	7	5	0.595	0	0:00:16.368143
3420	5	5	0.0734	1	0:00:16.365628
3425	0	0	0.0866	1	0:00:16.373031
3430	8	8	0.753	1	0:00:16.361031
3435	6	6	1.4	1	0:00:16.374534
3440	2	3	0.595	0	0:00:16.387311
3445	0	0	1.91	1	0:00:16.392607
3450	9	-1	0.0	0	0:00:16.390952
3455	6	6	1.3	1	0:00:16.360077
3460	1	1	0.198	1	0:00:16.361593
3465	6	6	0.946	1	0:00:16.356329
3470	7	7	0.195	1	0:00:16.359385
3475	0	2	0.294	0	0:00:16.369296
3480	2	2	1.34	1	0:00:16.362292
3485	1	1	0.711	1	0:00:16.362196
3490	0	8	0.761	0	0:00:16.359291
3495	2	5	0.361	0	0:00:16.372847
3500	1	1	0.0167	1	0:00:16.390533
3505	4	-1	0.0	0	0:00:16.398868
3510	4	4	0.429	1	0:00:16.386977
3515	8	8	0.746	1	0:00:16.364689
3520	1	1	1.41	1	0:00:16.362697
3525	2	6	0.0863	0	0:00:16.364006
3530	6	6	1.25	1	0:00:16.367286
3535	5	-1	0.0	0	0:00:16.368535
3540	6	6	1.04	1	0:00:16.362643
3545	4	4	1.2	1	0:00:16.356536
3550	0	4	0.17	0	0:00:16.368203
3555	6	4	0.0182	0	0:00:16.366431
3560	1	-1	0.0	0	0:00:16.373098
3565	1	1	1.59	1	0:00:16.388948
3570	3	3	0.124	1	0:00:16.393929
3575	3	3	0.601	1	0:00:16.361074
3580	4	-1	0.0	0	0:00:16.362263
3585	8	8	1.26	1	0:00:16.356144
3590	7	7	1.12	1	0:00:16.369353
3595	2	2	0.251	1	0:00:16.362242
3600	4	2	1.11	0	0:00:16.366174
3605	6	-1	0.0	0	0:00:16.370078
3610	5	5	0.0193	1	0:00:16.369918
3615	6	-1	0.0	0	0:00:16.365710
3620	0	-1	0.0	0	0:00:16.364301
3625	8	8	0.323	1	0:00:16.389286
3630	8	8	1.05	1	0:00:16.391659
3635	4	4	0.549	1	0:00:16.367766
3640	6	2	0.657	0	0:00:16.365050
3645	1	9	0.527	0	0:00:16.365051
3650	0	0	1.8	1	0:00:16.361335
3655	9	9	0.668	1	0:00:16.361186
3660	0	0	0.268	1	0:00:16.354241
3665	7	-1	0.0	0	0:00:16.359215
3670	9	9	0.452	1	0:00:16.362285
3675	4	4	1.39	1	0:00:16.365211
3680	0	-1	0.0	0	0:00:16.363602
3685	2	2	0.925	1	0:00:16.380663
3690	9	9	0.711	1	0:00:16.391913
3695	8	8	1.83	1	0:00:16.377198
3700	3	3	0.147	1	0:00:16.361489
3705	8	8	0.2	1	0:00:16.357656
3710	2	2	0.18	1	0:00:16.348903
3715	1	6	0.0414	0	0:00:16.355977
3720	2	2	1.44	1	0:00:16.364433
3725	2	7	0.0856	0	0:00:16.359814
3730	1	-1	0.0	0	0:00:16.365648
3735	5	-1	0.0	0	0:00:16.360284
3740	0	0	0.972	1	0:00:16.369581
3745	1	1	1.5	1	0:00:16.387599
3750	9	0	0.145	0	0:00:16.397693
3755	9	-1	0.0	0	0:00:16.379928
3760	7	7	1.87	1	0:00:16.364523
3765	0	-1	0.0	0	0:00:16.364642
3770	9	9	0.35	1	0:00:16.366537
3775	6	6	1.07	1	0:00:16.360177
3780	4	4	0.287	1	0:00:16.369177
3785	6	6	0.555	1	0:00:16.371605
3790	4	4	0.347	1	0:00:16.365190
3795	7	7	0.412	1	0:00:16.369859
3800	9	9	0.869	1	0:00:16.365474
3805	9	9	1.45	1	0:00:16.384265
3810	3	3	0.214	1	0:00:16.396832
3815	2	4	0.477	0	0:00:16.395358
3820	0	0	0.136	1	0:00:16.366601
3825	0	0	1.91	1	0:00:16.364422
3830	5	5	0.713	1	0:00:16.368254
3835	3	5	0.599	0	0:00:16.370160
3840	6	-1	0.0	0	0:00:16.364348
3845	0	0	1.52	1	0:00:16.367085
3850	9	9	0.905	1	0:00:16.372736
3855	1	1	1.26	1	0:00:16.371033
3860	7	7	1.73	1	0:00:16.364848
3865	7	7	0.897	1	0:00:16.371521
3870	8	-1	0.0	0	0:00:16.406809
3875	2	2	0.777	1	0:00:16.391848
3880	6	4	0.335	0	0:00:16.375004
3885	6	-1	0.0	0	0:00:16.358760
3890	7	7	0.978	1	0:00:16.364861
3895	1	1	0.716	1	0:00:16.365873
3900	3	6	0.0668	0	0:00:16.367413
3905	2	2	0.487	1	0:00:16.371802
3910	4	2	0.0559	0	0:00:16.370409
3915	4	-1	0.0	0	0:00:16.363582
3920	7	7	0.155	1	0:00:16.363903
3925	1	1	1.23	1	0:00:16.368107
3930	1	1	0.758	1	0:00:16.410203
3935	4	7	0.555	0	0:00:16.404951
3940	6	-1	0.0	0	0:00:16.377867
3945	5	5	0.315	1	0:00:16.369587
3950	8	8	0.44	1	0:00:16.370004
3955	0	0	0.8	1	0:00:16.365891
3960	2	2	0.956	1	0:00:16.365093
3965	0	0	1.04	1	0:00:16.362326
3970	9	-1	0.0	0	0:00:16.363343
3975	7	7	1.27	1	0:00:16.366481
3980	9	9	0.435	1	0:00:16.366565
3985	7	7	0.428	1	0:00:16.373920
3990	4	4	0.0115	1	0:00:16.391720
3995	7	-1	0.0	0	0:00:16.407724
4000	8	7	0.154	0	0:00:16.388539
4005	5	5	0.0486	1	0:00:16.366160
4010	7	7	0.453	1	0:00:16.355449
4015	1	1	0.938	1	0:00:16.360156
4020	8	8	0.813	1	0:00:16.364339
4025	1	1	0.535	1	0:00:16.357329
4030	1	1	1.04	1	0:00:16.366353
4035	2	2	0.688	1	0:00:16.369950
4040	0	0	1.47	1	0:00:16.353055
4045	7	7	0.704	1	0:00:16.360654
4050	3	2	0.308	0	0:00:16.397133
4055	1	-1	0.0	0	0:00:16.395453
4060	6	3	0.107	0	0:00:16.378565
4065	4	4	0.188	1	0:00:16.362867
4070	9	9	1.22	1	0:00:16.353908
4075	2	2	0.434	1	0:00:16.366588
4080	1	1	0.753	1	0:00:16.363044
4085	8	-1	0.0	0	0:00:16.365357
4090	4	4	0.106	1	0:00:16.383406
4095	8	-1	0.0	0	0:00:16.371728
4100	7	7	1.91	1	0:00:16.371192
4105	7	7	0.736	1	0:00:16.366417
4110	2	2	0.805	1	0:00:16.385001
4115	8	8	0.388	1	0:00:16.404410
4120	4	4	0.94	1	0:00:16.386597
4125	8	-1	0.0	0	0:00:16.369414
4130	6	6	1.45	1	0:00:16.367882
4135	1	-1	0.0	0	0:00:16.374732
4140	5	5	0.104	1	0:00:16.376772
4145	8	8	1.45	1	0:00:16.361027
4150	6	6	0.642	1	0:00:16.363114
4155	3	3	0.11	1	0:00:16.366920
4160	5	2	0.584	0	0:00:16.365132
4165	8	8	0.104	1	0:00:16.358798
4170	1	-1	0.0	0	0:00:16.378325
4175	3	7	0.0435	0	0:00:16.402652
4180	0	0	0.467	1	0:00:16.405628
4185	7	7	1.14	1	0:00:16.375937
4190	3	7	0.104	0	0:00:16.369545
4195	3	3	1.16	1	0:00:16.368269
4200	4	4	0.12	1	0:00:16.373379
4205	4	7	0.107	0	0:00:16.368512
4210	3	5	0.401	0	0:00:16.374147
4215	1	1	0.713	1	0:00:16.370601
4220	4	0	1.2	0	0:00:16.358669
4225	5	5	0.785	1	0:00:16.362972
4230	6	6	0.309	1	0:00:16.375033
4235	9	9	1.74	1	0:00:16.402132
4240	7	0	0.591	0	0:00:16.392517
4245	1	1	0.356	1	0:00:16.360089
4250	1	-1	0.0	0	0:00:16.368928
4255	9	9	0.596	1	0:00:16.353803
4260	8	8	0.988	1	0:00:16.357134
4265	6	6	0.658	1	0:00:16.350810
4270	0	0	0.257	1	0:00:16.359133
4275	5	5	1.33	1	0:00:16.356190
4280	8	0	0.282	0	0:00:16.356062
4285	1	3	0.521	0	0:00:16.363051
4290	2	-1	0.0	0	0:00:16.361638
4295	0	0	1.68	1	0:00:16.393412
4300	8	8	1.34	1	0:00:16.396638
4305	0	0	1.87	1	0:00:16.364965
4310	4	7	0.617	0	0:00:16.363631
4315	6	-1	0.0	0	0:00:16.360043
4320	1	-1	0.0	0	0:00:16.352912
4325	6	6	0.474	1	0:00:16.364994
4330	9	9	1.78	1	0:00:16.358324
4335	9	9	0.554	1	0:00:16.349698
4340	0	0	1.21	1	0:00:16.353631
4345	6	2	0.224	0	0:00:16.365707
4350	4	4	0.675	1	0:00:16.358064
4355	0	3	0.308	0	0:00:16.391973
4360	6	6	0.823	1	0:00:16.392324
4365	9	9	0.366	1	0:00:16.374810
4370	8	8	1.91	1	0:00:16.364178
4375	3	-1	0.0	0	0:00:16.369650
4380	9	9	0.8	1	0:00:16.359492
4385	8	8	0.0383	1	0:00:16.364877
4390	5	5	1.31	1	0:00:16.366617
4395	7	7	1.87	1	0:00:16.364172
4400	3	4	0.159	0	0:00:16.367708
4405	6	6	1.47	1	0:00:16.361923
4410	9	9	0.101	1	0:00:16.366083
4415	0	0	1.0	1	0:00:16.381118
4420	5	5	0.302	1	0:00:16.395731
4425	1	1	0.408	1	0:00:16.370620
4430	1	1	0.731	1	0:00:16.348954
4435	3	3	0.0812	1	0:00:16.364130
4440	2	2	0.263	1	0:00:16.358131
4445	9	1	0.559	0	0:00:16.372481
4450	0	0	0.0535	1	0:00:16.374793
4455	8	8	1.22	1	0:00:16.366092
4460	9	9	0.236	1	0:00:16.369282
4465	6	6	0.184	1	0:00:16.381250
4470	0	0	0.586	1	0:00:16.367733
4475	1	1	0.914	1	0:00:16.374179
4480	9	9	0.972	1	0:00:16.399866
4485	3	7	0.442	0	0:00:16.390658
4490	0	0	0.948	1	0:00:16.372910
4495	3	3	0.154	1	0:00:16.370480
4500	3	-1	0.0	0	0:00:16.361975
4505	4	4	0.95	1	0:00:16.363032
4510	0	0	1.45	1	0:00:16.373594
4515	0	0	1.8	1	0:00:16.378915
4520	3	6	0.288	0	0:00:16.375547
4525	0	0	0.181	1	0:00:16.377698
4530	5	5	0.52	1	0:00:16.358668
4535	2	2	0.699	1	0:00:16.376448
4540	9	9	1.76	1	0:00:16.395414
4545	3	3	0.465	1	0:00:16.398742
4550	9	-1	0.0	0	0:00:16.357308
4555	5	-1	0.0	0	0:00:16.372060
4560	1	1	1.17	1	0:00:16.372508
4565	2	4	0.39	0	0:00:16.381151
4570	9	-1	0.0	0	0:00:16.366143
4575	6	6	0.459	1	0:00:16.359663
4580	6	6	0.255	1	0:00:16.370241
4585	8	0	0.277	0	0:00:16.372498
4590	9	2	0.592	0	0:00:16.372592
4595	9	-1	0.0	0	0:00:16.374629
4600	4	4	0.631	1	0:00:16.401514
4605	3	-1	0.0	0	0:00:16.402506
4610	6	-1	0.0	0	0:00:16.370819
4615	5	4	0.437	0	0:00:16.362356
4620	7	7	0.00541	1	0:00:16.367056
4625	4	2	0.157	0	0:00:16.380035
4630	2	2	0.426	1	0:00:16.385383
4635	7	7	0.216	1	0:00:16.376278
4640	2	2	0.612	1	0:00:16.368380
4645	4	4	0.202	1	0:00:16.367732
4650	6	6	0.21	1	0:00:16.371236
4655	7	5	0.893	0	0:00:16.369458
4660	7	7	0.171	1	0:00:16.397739
4665	3	-1	0.0	0	0:00:16.401055
4670	8	8	1.1	1	0:00:16.377667
4675	4	4	0.63	1	0:00:16.365504
4680	9	1	0.259	0	0:00:16.365975
4685	4	-1	0.0	0	0:00:16.369006
4690	2	4	0.088	0	0:00:16.374424
4695	8	8	0.0579	1	0:00:16.367138
4700	6	5	0.024	0	0:00:16.375895
4705	3	4	0.057	0	0:00:16.368440
4710	3	9	0.361	0	0:00:16.368418
4715	9	9	0.849	1	0:00:16.358813
4720	8	8	0.443	1	0:00:16.387248
4725	9	9	0.979	1	0:00:16.405264
4730	2	2	0.247	1	0:00:16.384208
4735	8	8	0.192	1	0:00:16.366738
4740	5	-1	0.0	0	0:00:16.357083
4745	7	0	0.417	0	0:00:16.360116
4750	7	-1	0.0	0	0:00:16.373420
4755	1	1	0.439	1	0:00:16.375636
4760	3	2	0.0628	0	0:00:16.366613
4765	3	5	0.502	0	0:00:16.373658
4770	9	-1	0.0	0	0:00:16.378437
4775	2	3	0.139	0	0:00:16.368080
4780	0	0	0.89	1	0:00:16.382084
4785	3	3	0.222	1	0:00:16.396453
4790	1	9	1.05	0	0:00:16.389032
4795	5	3	0.0902	0	0:00:16.366893
4800	9	9	1.77	1	0:00:16.368590
4805	5	3	0.667	0	0:00:16.366297
4810	5	5	1.09	1	0:00:16.363292
4815	9	9	0.342	1	0:00:16.358830
4820	3	3	0.516	1	0:00:16.367586
4825	7	-1	0.0	0	0:00:16.365944
4830	3	5	0.0516	0	0:00:16.365407
4835	9	9	1.42	1	0:00:16.361595
4840	0	0	1.87	1	0:00:16.369977
4845	3	-1	0.0	0	0:00:16.402403
4850	1	9	0.43	0	0:00:16.381334
4855	1	1	0.71	1	0:00:16.358312
4860	5	5	0.882	1	0:00:16.363654
4865	8	9	0.418	0	0:00:16.359001
4870	8	8	0.293	1	0:00:16.358783
4875	1	1	0.852	1	0:00:16.360029
4880	0	7	0.0355	0	0:00:16.355533
4885	2	2	0.339	1	0:00:16.360847
4890	1	1	1.29	1	0:00:16.366494
4895	1	1	0.715	1	0:00:16.361518
4900	3	6	0.0467	0	0:00:16.364673
4905	7	7	1.91	1	0:00:16.386762
4910	8	8	0.0346	1	0:00:16.383528
4915	5	5	1.22	1	0:00:16.360862
4920	7	7	1.4	1	0:00:16.360644
4925	5	3	0.557	0	0:00:16.365478
4930	1	1	1.03	1	0:00:16.362946
4935	5	5	0.729	1	0:00:16.366144
4940	6	6	0.103	1	0:00:16.366803
4945	9	1	0.673	0	0:00:16.363819
4950	2	2	0.968	1	0:00:16.366144
4955	2	0	0.409	0	0:00:16.362913
4960	4	-1	0.0	0	0:00:16.370175
4965	3	-1	0.0	0	0:00:16.405682
4970	2	-1	0.0	0	0:00:16.400056
4975	3	5	0.154	0	0:00:16.382872
4980	1	9	0.848	0	0:00:16.363799
4985	4	-1	0.0	0	0:00:16.368375
4990	7	5	0.253	0	0:00:16.366076
4995	2	5	0.158	0	0:00:16.371934
5000	7	7	1.91	1	0:00:16.378500
5005	5	-1	0.0	0	0:00:16.379111
5010	7	7	1.59	1	0:00:16.372332
5015	2	2	1.14	1	0:00:16.369158
5020	8	8	1.22	1	0:00:16.364198
5025	5	5	0.194	1	0:00:16.404487
5030	4	4	0.704	1	0:00:16.405138
5035	5	5	1.45	1	0:00:16.387409
5040	3	3	0.599	1	0:00:16.375371
5045	7	7	0.919	1	0:00:16.373973
5050	3	6	0.244	0	0:00:16.371293
5055	0	0	1.91	1	0:00:16.359829
5060	6	6	0.0745	1	0:00:16.364191
5065	0	0	0.682	1	0:00:16.362256
5070	7	5	0.132	0	0:00:16.367274
5075	6	2	0.159	0	0:00:16.372228
5080	7	7	1.39	1	0:00:16.371494
5085	2	-1	0.0	0	0:00:16.394922
5090	1	-1	0.0	0	0:00:16.402508
5095	8	8	0.302	1	0:00:16.392112
5100	3	3	0.994	1	0:00:16.365242
5105	7	7	0.674	1	0:00:16.375183
5110	8	8	0.633	1	0:00:16.366806
5115	5	5	0.344	1	0:00:16.358542
5120	9	9	1.14	1	0:00:16.364378
5125	1	5	0.00541	0	0:00:16.365314
5130	5	-1	0.0	0	0:00:16.357863
5135	1	1	0.749	1	0:00:16.369217
5140	8	8	0.982	1	0:00:16.373517
5145	4	4	0.654	1	0:00:16.373592
5150	4	4	0.2	1	0:00:16.381330
5155	3	5	1.16	0	0:00:16.380156
5160	0	0	0.703	1	0:00:16.358088
5165	2	2	0.531	1	0:00:16.366130
5170	9	9	1.5	1	0:00:16.362536
5175	6	6	0.811	1	0:00:16.360930
5180	9	-1	0.0	0	0:00:16.364441
5185	3	9	0.442	0	0:00:16.350042
5190	0	0	0.0831	1	0:00:16.356148
5195	4	7	0.0641	0	0:00:16.361208
5200	3	3	1.05	1	0:00:16.354277
5205	8	0	0.779	0	0:00:16.362072
5210	5	5	0.872	1	0:00:16.391719
5215	2	-1	0.0	0	0:00:16.395982
5220	0	0	0.822	1	0:00:16.348885
5225	0	0	1.06	1	0:00:16.357798
5230	8	-1	0.0	0	0:00:16.359617
5235	1	3	0.564	0	0:00:16.355865
5240	1	-1	0.0	0	0:00:16.360332
5245	1	1	1.65	1	0:00:16.352163
5250	7	7	0.64	1	0:00:16.359731
5255	0	0	1.1	1	0:00:16.360378
5260	0	0	1.91	1	0:00:16.361409
5265	2	2	0.401	1	0:00:16.357178
5270	1	1	1.51	1	0:00:16.387995
5275	2	2	0.177	1	0:00:16.397661
5280	0	-1	0.0	0	0:00:16.355544
5285	1	1	0.879	1	0:00:16.351434
5290	3	5	0.378	0	0:00:16.363533
5295	0	0	0.271	1	0:00:16.361536
5300	9	9	0.765	1	0:00:16.373320
5305	7	7	0.0653	1	0:00:16.366364
5310	0	0	0.21	1	0:00:16.362332
5315	9	9	1.41	1	0:00:16.350408
5320	7	7	1.43	1	0:00:16.353474
5325	8	8	0.243	1	0:00:16.346910
5330	7	3	0.264	0	0:00:16.389567
5335	9	1	0.203	0	0:00:16.401273
5340	3	4	1.31	0	0:00:16.385448
5345	4	4	0.235	1	0:00:16.367112
5350	9	9	0.826	1	0:00:16.379837
5355	8	8	1.34	1	0:00:16.379861
5360	9	9	1.3	1	0:00:16.367450
5365	8	8	0.189	1	0:00:16.368251
5370	6	6	0.3	1	0:00:16.359627
5375	1	1	0.0995	1	0:00:16.372808
5380	1	9	0.192	0	0:00:16.370990
5385	2	-1	0.0	0	0:00:16.363766
5390	1	1	1.02	1	0:00:16.392368
5395	0	0	0.841	1	0:00:16.403379
5400	9	9	0.607	1	0:00:16.388945
5405	2	0	1.18	0	0:00:16.362044
5410	3	5	0.0761	0	0:00:16.368499
5415	4	4	0.02	1	0:00:16.365156
5420	6	6	0.683	1	0:00:16.382308
5425	6	6	0.0978	1	0:00:16.384369
5430	7	7	0.879	1	0:00:16.376252
5435	7	4	0.039	0	0:00:16.371684
5440	9	9	1.58	1	0:00:16.366952
5445	7	7	0.889	1	0:00:16.378206
5450	5	5	0.413	1	0:00:16.381181
5455	9	-1	0.0	0	0:00:16.403757
5460	0	-1	0.0	0	0:00:16.388090
5465	7	7	1.45	1	0:00:16.378267
5470	1	1	1.53	1	0:00:16.368427
5475	0	0	1.87	1	0:00:16.363702
5480	1	1	0.673	1	0:00:16.370012
5485	8	8	1.22	1	0:00:16.363849
5490	3	3	0.202	1	0:00:16.363602
5495	4	4	0.112	1	0:00:16.358489
5500	8	8	0.186	1	0:00:16.364363
5505	4	4	0.778	1	0:00:16.361406
5510	4	4	0.147	1	0:00:16.375330
5515	4	0	0.142	0	0:00:16.399617
5520	4	-1	0.0	0	0:00:16.404375
5525	3	3	0.367	1	0:00:16.364022
5530	3	-1	0.0	0	0:00:16.365338
5535	3	3	0.385	1	0:00:16.371882
5540	5	-1	0.0	0	0:00:16.362255
5545	6	6	1.61	1	0:00:16.367720
5550	5	5	0.229	1	0:00:16.367333
5555	4	-1	0.0	0	0:00:16.372917
5560	3	5	0.102	0	0:00:16.371501
5565	3	4	0.33	0	0:00:16.362920
5570	5	5	0.415	1	0:00:16.364444
5575	3	5	0.0513	0	0:00:16.388489
5580	5	3	0.0598	0	0:00:16.384507
5585	0	0	0.908	1	0:00:16.357374
5590	4	2	0.0895	0	0:00:16.366201
5595	6	-1	0.0	0	0:00:16.358825
5600	6	6	0.0858	1	0:00:16.364381
5605	3	3	0.163	1	0:00:16.365498
5610	8	8	0.061	1	0:00:16.357615
5615	5	5	0.208	1	0:00:16.357548
5620	3	2	0.219	0	0:00:16.353573
5625	5	5	0.779	1	0:00:16.360198
5630	3	-1	0.0	0	0:00:16.362642
5635	7	7	0.884	1	0:00:16.385151
5640	2	5	0.134	0	0:00:16.394368
5645	5	5	0.508	1	0:00:16.364383
5650	5	5	0.278	1	0:00:16.359324
5655	3	5	0.0564	0	0:00:16.359100
5660	9	9	0.574	1	0:00:16.360057
5665	2	0	0.816	0	0:00:16.354814
5670	4	-1	0.0	0	0:00:16.358083
5675	7	7	1.4	1	0:00:16.361880
5680	2	1	0.0279	0	0:00:16.371011
5685	1	1	0.916	1	0:00:16.363522
5690	7	-1	0.0	0	0:00:16.360608
5695	7	7	1.6	1	0:00:16.383521
5700	3	5	0.233	0	0:00:16.400794
5705	2	2	0.555	1	0:00:16.378851
5710	6	2	0.114	0	0:00:16.368939
5715	6	6	1.64	1	0:00:16.358857
5720	9	9	1.55	1	0:00:16.371489
5725	5	3	0.121	0	0:00:16.369793
5730	5	-1	0.0	0	0:00:16.367896
5735	0	0	1.87	1	0:00:16.358686
5740	6	2	0.282	0	0:00:16.363122
5745	5	5	0.351	1	0:00:16.362383
5750	6	6	0.066	1	0:00:16.371032
5755	4	4	0.447	1	0:00:16.397680
5760	2	2	0.254	1	0:00:16.394511
5765	9	9	1.05	1	0:00:16.385428
5770	8	8	1.12	1	0:00:16.369595
5775	7	7	0.146	1	0:00:16.368847
5780	7	7	1.64	1	0:00:16.364516
5785	2	2	1.36	1	0:00:16.368039
5790	9	9	0.797	1	0:00:16.367198
5795	7	7	0.324	1	0:00:16.373260
5800	2	2	0.0916	1	0:00:16.383301
5805	1	1	0.687	1	0:00:16.366049
5810	5	5	1.38	1	0:00:16.371918
5815	3	3	0.539	1	0:00:16.381286
5820	5	5	0.43	1	0:00:16.397447
5825	3	6	1.71	0	0:00:16.390732
5830	5	6	0.735	0	0:00:16.365694
5835	3	7	0.109	0	0:00:16.363192
5840	2	2	0.686	1	0:00:16.355690
5845	5	5	1.26	1	0:00:16.370318
5850	6	4	0.299	0	0:00:16.360202
5855	7	2	0.795	0	0:00:16.365323
5860	0	0	0.782	1	0:00:16.364025
5865	6	6	0.101	1	0:00:16.363828
5870	7	7	0.435	1	0:00:16.365428
5875	1	1	1.29	1	0:00:16.389387
5880	0	0	1.0	1	0:00:16.409757
5885	4	4	0.56	1	0:00:16.397116
5890	3	-1	0.0	0	0:00:16.365159
5895	6	6	1.39	1	0:00:16.360849
5900	4	4	0.0485	1	0:00:16.363015
5905	1	-1	0.0	0	0:00:16.361856
5910	2	5	0.144	0	0:00:16.366287
5915	5	3	0.167	0	0:00:16.359840
5920	8	8	1.91	1	0:00:16.364854
5925	3	-1	0.0	0	0:00:16.359761
5930	5	-1	0.0	0	0:00:16.365754
5935	6	6	0.589	1	0:00:16.365573
5940	7	-1	0.0	0	0:00:16.390486
5945	9	9	0.379	1	0:00:16.385389
5950	9	9	0.839	1	0:00:16.361294
5955	5	-1	0.0	0	0:00:16.356237
5960	2	6	0.315	0	0:00:16.361257
5965	7	7	1.69	1	0:00:16.356491
5970	1	1	0.919	1	0:00:16.363866
5975	9	9	0.481	1	0:00:16.362996
5980	9	9	1.75	1	0:00:16.357307
5985	4	4	0.465	1	0:00:16.361027
5990	8	0	0.0412	0	0:00:16.364847
5995	0	0	1.57	1	0:00:16.357856
6000	8	-1	0.0	0	0:00:16.387398
6005	4	4	0.42	1	0:00:16.388499
6010	1	6	0.148	0	0:00:16.375953
6015	0	-1	0.0	0	0:00:16.355496
6020	6	6	0.691	1	0:00:16.368982
6025	6	6	0.441	1	0:00:16.360451
6030	8	1	0.16	0	0:00:16.368815
6035	5	3	0.665	0	0:00:16.364279
6040	2	-1	0.0	0	0:00:16.368236
6045	8	8	1.65	1	0:00:16.367685
6050	2	6	0.247	0	0:00:16.374372
6055	0	0	0.728	1	0:00:16.360530
6060	3	4	0.363	0	0:00:16.391752
6065	5	2	0.28	0	0:00:16.393436
6070	8	8	0.28	1	0:00:16.395653
6075	3	6	0.65	0	0:00:16.375850
6080	1	1	0.509	1	0:00:16.364933
6085	2	6	0.71	0	0:00:16.367183
6090	1	1	0.662	1	0:00:16.370826
6095	9	9	0.15	1	0:00:16.371626
6100	1	1	0.862	1	0:00:16.368978
6105	0	0	1.73	1	0:00:16.373071
6110	9	9	1.91	1	0:00:16.368723
6115	8	8	1.11	1	0:00:16.370947
6120	5	5	0.591	1	0:00:16.385093
6125	8	8	0.857	1	0:00:16.406310
6130	1	1	0.332	1	0:00:16.388603
6135	3	-1	0.0	0	0:00:16.368880
6140	9	9	1.27	1	0:00:16.365620
6145	2	3	0.949	0	0:00:16.372520
6150	1	1	0.11	1	0:00:16.368607
6155	8	8	0.937	1	0:00:16.368276
6160	2	5	0.205	0	0:00:16.360003
6165	5	3	0.429	0	0:00:16.359481
6170	2	2	0.189	1	0:00:16.365398
6175	3	6	0.683	0	0:00:16.364383
6180	0	0	0.782	1	0:00:16.382698
6185	5	5	1.14	1	0:00:16.407644
6190	4	4	0.409	1	0:00:16.399112
6195	1	1	0.383	1	0:00:16.358177
6200	3	3	0.745	1	0:00:16.369788
6205	1	1	0.687	1	0:00:16.357802
6210	4	-1	0.0	0	0:00:16.361366
6215	2	2	0.326	1	0:00:16.359007
6220	2	5	0.542	0	0:00:16.354027
6225	3	6	0.0639	0	0:00:16.358595
6230	2	4	0.0186	0	0:00:16.361869
6235	6	6	0.272	1	0:00:16.357476
6240	2	2	0.146	1	0:00:16.369563
6245	6	-1	0.0	0	0:00:16.398360
6250	4	7	0.34	0	0:00:16.388891
6255	6	6	0.0276	1	0:00:16.357431
6260	2	-1	0.0	0	0:00:16.365701
6265	4	4	0.731	1	0:00:16.362015
6270	2	6	0.536	0	0:00:16.357947
6275	9	9	0.267	1	0:00:16.366490
6280	8	5	0.227	0	0:00:16.364653
6285	8	0	0.631	0	0:00:16.364632
6290	9	1	0.32	0	0:00:16.373693
6295	8	8	0.793	1	0:00:16.376857
6300	1	1	0.291	1	0:00:16.370419
6305	6	-1	0.0	0	0:00:16.389507
6310	5	5	1.91	1	0:00:16.401575
6315	6	5	0.734	0	0:00:16.361082
6320	0	0	1.3	1	0:00:16.373597
6325	7	7	1.67	1	0:00:16.366984
6330	6	6	0.62	1	0:00:16.373633
6335	2	2	0.717	1	0:00:16.376688
6340	3	3	0.314	1	0:00:16.367391
6345	3	-1	0.0	0	0:00:16.371099
6350	0	0	1.84	1	0:00:16.368637
6355	0	0	1.17	1	0:00:16.370178
6360	2	2	0.0457	1	0:00:16.374279
6365	7	7	0.0199	1	0:00:16.400591
6370	6	-1	0.0	0	0:00:16.402841
6375	3	2	0.114	0	0:00:16.386249
6380	3	-1	0.0	0	0:00:16.371757
6385	5	5	0.0248	1	0:00:16.367524
6390	7	7	1.5	1	0:00:16.369700
6395	8	8	0.82	1	0:00:16.371107
6400	0	0	0.284	1	0:00:16.380640
6405	1	-1	0.0	0	0:00:16.377794
6410	1	1	1.65	1	0:00:16.371273
6415	1	1	0.531	1	0:00:16.380709
6420	7	7	1.16	1	0:00:16.377683
6425	2	0	0.174	0	0:00:16.400977
6430	1	-1	0.0	0	0:00:16.399888
6435	9	9	0.399	1	0:00:16.387113
6440	3	-1	0.0	0	0:00:16.370910
6445	1	1	0.738	1	0:00:16.370715
6450	0	0	1.19	1	0:00:16.358284
6455	6	6	0.692	1	0:00:16.365428
6460	3	3	0.18	1	0:00:16.371949
6465	3	3	1.26	1	0:00:16.368377
6470	1	1	0.189	1	0:00:16.366367
6475	2	3	0.0386	0	0:00:16.368867
6480	0	0	0.394	1	0:00:16.367827
6485	9	9	0.997	1	0:00:16.378158
6490	8	9	0.24	0	0:00:16.400527
6495	7	7	0.761	1	0:00:16.395026
6500	7	-1	0.0	0	0:00:16.364433
6505	4	-1	0.0	0	0:00:16.354639
6510	4	6	0.419	0	0:00:16.359946
6515	2	2	0.843	1	0:00:16.364456
6520	6	6	0.00607	1	0:00:16.375941
6525	3	3	0.739	1	0:00:16.365487
6530	3	5	0.11	0	0:00:16.366082
6535	5	5	1.07	1	0:00:16.359109
6540	8	8	0.85	1	0:00:16.360697
6545	9	0	1.57	0	0:00:16.364470
6550	1	1	1.09	1	0:00:16.387401
6555	1	1	1.27	1	0:00:16.382483
6560	6	6	0.419	1	0:00:16.359486
6565	9	9	0.414	1	0:00:16.363290
6570	9	5	0.264	0	0:00:16.354579
6575	3	3	0.514	1	0:00:16.369090
6580	1	-1	0.0	0	0:00:16.360346
6585	1	1	1.91	1	0:00:16.358657
6590	5	7	0.461	0	0:00:16.359956
6595	2	2	0.526	1	0:00:16.350959
6600	7	7	1.91	1	0:00:16.367664
6605	6	-1	0.0	0	0:00:16.366038
6610	8	8	1.31	1	0:00:16.392107
6615	7	7	0.642	1	0:00:16.402350
6620	7	7	0.803	1	0:00:16.370492
6625	4	2	0.106	0	0:00:16.374117
6630	7	7	0.917	1	0:00:16.367424
6635	6	6	0.616	1	0:00:16.362708
6640	5	3	1.68	0	0:00:16.367882
6645	6	6	0.0879	1	0:00:16.373903
6650	0	0	0.803	1	0:00:16.371062
6655	1	1	1.09	1	0:00:16.379615
6660	0	0	1.15	1	0:00:16.369653
6665	4	-1	0.0	0	0:00:16.372349
6670	3	-1	0.0	0	0:00:16.396607
6675	2	2	0.067	1	0:00:16.407964
6680	3	5	0.185	0	0:00:16.398363
6685	1	1	0.471	1	0:00:16.376726
6690	5	5	0.663	1	0:00:16.371529
6695	4	6	0.0632	0	0:00:16.359268
6700	6	6	0.478	1	0:00:16.381452
6705	3	2	0.049	0	0:00:16.370299
6710	3	3	0.927	1	0:00:16.374877
6715	2	6	0.523	0	0:00:16.374196
6720	2	2	0.378	1	0:00:16.363861
6725	8	8	1.91	1	0:00:16.373267
6730	8	8	0.322	1	0:00:16.397660
6735	9	3	0.0188	0	0:00:16.397300
6740	2	2	0.714	1	0:00:16.386669
6745	7	7	0.503	1	0:00:16.365431
6750	4	-1	0.0	0	0:00:16.378477
6755	9	9	0.371	1	0:00:16.370017
6760	5	5	0.722	1	0:00:16.370168
6765	8	8	0.407	1	0:00:16.371813
6770	1	1	0.432	1	0:00:16.385245
6775	0	0	1.07	1	0:00:16.384225
6780	7	7	1.84	1	0:00:16.377999
6785	6	6	0.443	1	0:00:16.381464
6790	7	5	0.564	0	0:00:16.396954
6795	9	5	0.0673	0	0:00:16.403639
6800	6	-1	0.0	0	0:00:16.389405
6805	1	1	1.13	1	0:00:16.365358
6810	8	8	0.714	1	0:00:16.374069
6815	0	0	1.87	1	0:00:16.372014
6820	1	1	1.35	1	0:00:16.363189
6825	3	3	0.423	1	0:00:16.376855
6830	1	1	0.195	1	0:00:16.371331
6835	5	-1	0.0	0	0:00:16.373173
6840	9	9	0.876	1	0:00:16.377855
6845	2	4	0.12	0	0:00:16.369362
6850	6	6	0.276	1	0:00:16.380835
6855	4	6	0.511	0	0:00:16.396528
6860	0	0	0.932	1	0:00:16.395117
6865	3	-1	0.0	0	0:00:16.364271
6870	7	7	0.324	1	0:00:16.371194
6875	5	5	0.61	1	0:00:16.374637
6880	2	2	0.296	1	0:00:16.368528
6885	0	0	1.32	1	0:00:16.357814
6890	5	5	0.531	1	0:00:16.370209
6895	2	2	0.772	1	0:00:16.370668
6900	3	3	0.0484	1	0:00:16.373771
6905	2	2	0.0762	1	0:00:16.369119
6910	7	7	0.749	1	0:00:16.372544
6915	1	1	1.02	1	0:00:16.402882
6920	5	2	0.278	0	0:00:16.395172
6925	2	2	1.35	1	0:00:16.375073
6930	2	0	1.66	0	0:00:16.373099
6935	7	7	1.73	1	0:00:16.363924
6940	1	1	1.61	1	0:00:16.360998
6945	5	5	0.993	1	0:00:16.362008
6950	8	0	0.316	0	0:00:16.364293
6955	7	7	1.04	1	0:00:16.363215
6960	9	-1	0.0	0	0:00:16.366399
6965	6	5	0.171	0	0:00:16.371538
6970	0	5	0.433	0	0:00:16.359532
6975	8	1	0.955	0	0:00:16.400107
6980	0	-1	0.0	0	0:00:16.402997
6985	0	4	0.354	0	0:00:16.372861
6990	3	3	1.35	1	0:00:16.360047
6995	1	1	0.084	1	0:00:16.368678
7000	2	-1	0.0	0	0:00:16.364558
7005	1	8	0.0348	0	0:00:16.369519
7010	0	-1	0.0	0	0:00:16.360432
7015	3	5	0.508	0	0:00:16.365366
7020	7	7	1.54	1	0:00:16.364781
7025	6	6	1.19	1	0:00:16.373179
7030	8	8	0.715	1	0:00:16.370256
7035	1	-1	0.0	0	0:00:16.392335
7040	7	-1	0.0	0	0:00:16.399337
7045	3	1	0.11	0	0:00:16.399516
7050	8	8	0.369	1	0:00:16.375182
7055	8	-1	0.0	0	0:00:16.374510
7060	8	8	0.392	1	0:00:16.365680
7065	2	2	0.331	1	0:00:16.384360
7070	7	7	0.757	1	0:00:16.360121
7075	9	9	0.65	1	0:00:16.370823
7080	5	4	0.484	0	0:00:16.366190
7085	5	-1	0.0	0	0:00:16.381217
7090	2	-1	0.0	0	0:00:16.366468
7095	4	4	0.0587	1	0:00:16.403240
7100	9	-1	0.0	0	0:00:16.399216
7105	3	3	1.19	1	0:00:16.393832
7110	3	3	0.231	1	0:00:16.367853
7115	0	0	1.91	1	0:00:16.382115
7120	7	7	0.0898	1	0:00:16.373798
7125	5	5	0.151	1	0:00:16.376413
7130	6	6	0.888	1	0:00:16.377975
7135	4	4	0.762	1	0:00:16.378511
7140	4	4	0.169	1	0:00:16.356593
7145	3	3	0.528	1	0:00:16.374212
7150	3	0	0.179	0	0:00:16.370021
7155	9	9	0.245	1	0:00:16.381316
7160	5	5	0.342	1	0:00:16.407922
7165	0	0	0.486	1	0:00:16.398514
7170	9	9	0.436	1	0:00:16.367340
7175	7	5	0.0912	0	0:00:16.381624
7180	6	6	0.887	1	0:00:16.369859
7185	8	8	0.496	1	0:00:16.367262
7190	2	2	0.704	1	0:00:16.371143
7195	7	7	0.163	1	0:00:16.380194
7200	4	-1	0.0	0	0:00:16.384971
7205	6	2	0.139	0	0:00:16.373106
7210	3	-1	0.0	0	0:00:16.366011
7215	1	1	1.72	1	0:00:16.385872
7220	9	9	0.404	1	0:00:16.406794
7225	1	1	0.852	1	0:00:16.399925
7230	2	2	0.802	1	0:00:16.379922
7235	2	2	0.422	1	0:00:16.374589
7240	0	0	0.227	1	0:00:16.370925
7245	4	4	0.714	1	0:00:16.381868
7250	8	8	0.811	1	0:00:16.388833
7255	3	6	0.252	0	0:00:16.380795
7260	1	1	0.313	1	0:00:16.380114
7265	5	3	0.0757	0	0:00:16.377362
7270	9	9	0.548	1	0:00:16.386723
7275	3	-1	0.0	0	0:00:16.380572
7280	1	-1	0.0	0	0:00:16.392378
7285	1	1	0.483	1	0:00:16.403084
7290	6	3	0.181	0	0:00:16.382425
7295	5	5	1.42	1	0:00:16.372593
7300	3	-1	0.0	0	0:00:16.366679
7305	6	6	0.105	1	0:00:16.372395
7310	3	5	0.795	0	0:00:16.377477
7315	0	-1	0.0	0	0:00:16.375509
7320	8	0	0.552	0	0:00:16.368505
7325	4	4	1.28	1	0:00:16.367179
7330	5	-1	0.0	0	0:00:16.373053
7335	4	4	1.13	1	0:00:16.374050
7340	2	4	0.211	0	0:00:16.407960
7345	6	6	1.73	1	0:00:16.401135
7350	9	9	0.399	1	0:00:16.390194
7355	7	7	1.04	1	0:00:16.364641
7360	2	4	0.0241	0	0:00:16.373617
7365	4	4	0.239	1	0:00:16.353691
7370	3	1	0.123	0	0:00:16.373356
7375	2	-1	0.0	0	0:00:16.372437
7380	7	7	1.14	1	0:00:16.372381
7385	9	9	1.51	1	0:00:16.377898
7390	6	9	0.298	0	0:00:16.393169
7395	2	-1	0.0	0	0:00:16.377542
7400	3	3	0.545	1	0:00:16.394079
7405	7	7	1.64	1	0:00:16.407796
7410	4	6	0.264	0	0:00:16.400201
7415	3	3	1.06	1	0:00:16.375274
7420	3	0	0.181	0	0:00:16.374338
7425	2	-1	0.0	0	0:00:16.363696
7430	2	7	0.0947	0	0:00:16.382859
7435	7	-1	0.0	0	0:00:16.385070
7440	3	3	0.304	1	0:00:16.376966
7445	6	6	0.405	1	0:00:16.371102
7450	1	1	1.83	1	0:00:16.374238
7455	1	9	1.39	0	0:00:16.375751
7460	5	5	1.67	1	0:00:16.384245
7465	0	8	0.0961	0	0:00:16.399632
7470	9	-1	0.0	0	0:00:16.396315
7475	3	5	0.0579	0	0:00:16.377024
7480	1	8	0.781	0	0:00:16.370143
7485	8	8	1.13	1	0:00:16.366270
7490	4	4	0.909	1	0:00:16.379574
7495	7	7	1.27	1	0:00:16.382415
7500	6	6	1.91	1	0:00:16.362816
7505	7	7	1.38	1	0:00:16.368123
7510	8	8	0.94	1	0:00:16.365150
7515	8	8	0.385	1	0:00:16.373317
7520	4	4	0.198	1	0:00:16.368900
7525	8	8	0.986	1	0:00:16.394679
7530	2	0	0.165	0	0:00:16.389861
7535	1	1	0.254	1	0:00:16.368221
7540	5	5	1.69	1	0:00:16.364643
7545	5	3	0.0992	0	0:00:16.364944
7550	4	4	1.16	1	0:00:16.371782
7555	1	1	0.865	1	0:00:16.367316
7560	0	0	0.595	1	0:00:16.372655
7565	1	1	1.33	1	0:00:16.370798
7570	1	1	1.04	1	0:00:16.363922
7575	8	8	0.961	1	0:00:16.370260
7580	8	8	0.738	1	0:00:16.372598
7585	6	6	1.43	1	0:00:16.407487
7590	2	4	0.614	0	0:00:16.401476
7595	1	1	0.219	1	0:00:16.371193
7600	8	9	0.427	0	0:00:16.366394
7605	2	-1	0.0	0	0:00:16.366938
7610	7	7	0.51	1	0:00:16.370780
7615	5	-1	0.0	0	0:00:16.362801
7620	5	3	0.0697	0	0:00:16.364353
7625	7	7	0.424	1	0:00:16.367991
7630	9	9	1.22	1	0:00:16.373548
7635	9	9	0.132	1	0:00:16.373382
7640	9	9	0.496	1	0:00:16.379545
7645	0	0	0.679	1	0:00:16.400715
7650	2	2	0.124	1	0:00:16.402671
7655	8	8	0.0767	1	0:00:16.374971
7660	7	7	0.316	1	0:00:16.375633
7665	9	-1	0.0	0	0:00:16.376121
7670	2	2	0.259	1	0:00:16.366764
7675	8	-1	0.0	0	0:00:16.378421
7680	3	-1	0.0	0	0:00:16.379108
7685	9	-1	0.0	0	0:00:16.365285
7690	6	6	0.859	1	0:00:16.367574
7695	8	8	0.407	1	0:00:16.374249
7700	6	6	1.06	1	0:00:16.379719
7705	7	4	0.254	0	0:00:16.389854
7710	9	9	0.31	1	0:00:16.406233
7715	1	1	1.15	1	0:00:16.400764
7720	5	-1	0.0	0	0:00:16.377238
7725	4	4	0.301	1	0:00:16.384410
7730	4	5	0.0408	0	0:00:16.375100
7735	4	-1	0.0	0	0:00:16.370991
7740	4	-1	0.0	0	0:00:16.386651
7745	7	7	1.48	1	0:00:16.382424
7750	3	4	0.273	0	0:00:16.385367
7755	7	7	1.67	1	0:00:16.377147
7760	2	0	0.063	0	0:00:16.377162
7765	8	8	1.41	1	0:00:16.406287
7770	9	9	1.39	1	0:00:16.415625
7775	2	2	0.1	1	0:00:16.400928
7780	3	-1	0.0	0	0:00:16.383612
7785	4	-1	0.0	0	0:00:16.373027
7790	8	-1	0.0	0	0:00:16.377998
7795	5	-1	0.0	0	0:00:16.380251
7800	0	0	1.14	1	0:00:16.376677
7805	9	-1	0.0	0	0:00:16.380880
7810	6	6	0.985	1	0:00:16.370228
7815	0	1	0.0826	0	0:00:16.387650
7820	5	5	0.334	1	0:00:16.373962
7825	3	3	0.641	1	0:00:16.387518
7830	2	9	0.619	0	0:00:16.417870
7835	0	0	1.91	1	0:00:16.389578
7840	1	1	1.39	1	0:00:16.370972
7845	2	2	0.612	1	0:00:16.375713
7850	0	0	0.346	1	0:00:16.372827
7855	2	2	0.194	1	0:00:16.383397
7860	8	8	0.301	1	0:00:16.378864
7865	3	3	0.183	1	0:00:16.381649
7870	6	6	0.556	1	0:00:16.360271
7875	2	6	0.0157	0	0:00:16.367938
7880	0	0	0.392	1	0:00:16.366695
7885	3	5	0.00457	0	0:00:16.378875
7890	6	6	0.765	1	0:00:16.404787
7895	4	6	0.443	0	0:00:16.398829
7900	0	4	0.0902	0	0:00:16.370993
7905	3	3	0.339	1	0:00:16.379004
7910	3	5	0.203	0	0:00:16.370842
7915	3	5	0.0866	0	0:00:16.380559
7920	9	9	0.211	1	0:00:16.369672
7925	0	0	1.91	1	0:00:16.375755
7930	2	0	1.13	0	0:00:16.372710
7935	7	7	0.269	1	0:00:16.374319
7940	2	2	0.15	1	0:00:16.374463
7945	6	6	0.0495	1	0:00:16.377549
7950	9	9	1.43	1	0:00:16.393591
7955	9	9	0.927	1	0:00:16.402591
7960	0	0	0.0486	1	0:00:16.369591
7965	7	7	1.77	1	0:00:16.369969
7970	3	-1	0.0	0	0:00:16.373345
7975	2	-1	0.0	0	0:00:16.369588
7980	3	-1	0.0	0	0:00:16.372435
7985	5	-1	0.0	0	0:00:16.365901
7990	0	4	0.376	0	0:00:16.366408
7995	8	8	0.673	1	0:00:16.372567
8000	9	9	0.965	1	0:00:16.365852
8005	1	1	1.28	1	0:00:16.371179
8010	2	5	0.838	0	0:00:16.393941
8015	8	8	0.153	1	0:00:16.400268
8020	6	3	0.149	0	0:00:16.380422
8025	5	5	1.27	1	0:00:16.365137
8030	2	2	0.132	1	0:00:16.366179
8035	1	1	0.667	1	0:00:16.373522
8040	2	2	0.881	1	0:00:16.376616
8045	5	5	0.558	1	0:00:16.374375
8050	7	7	0.645	1	0:00:16.382380
8055	2	2	0.226	1	0:00:16.370690
8060	6	6	0.76	1	0:00:16.370772
8065	9	9	0.294	1	0:00:16.369803
8070	5	5	1.35	1	0:00:16.386377
8075	8	8	0.698	1	0:00:16.403757
8080	4	4	0.148	1	0:00:16.373209
8085	2	2	0.236	1	0:00:16.363196
8090	6	-1	0.0	0	0:00:16.374379
8095	2	2	0.216	1	0:00:16.377579
8100	6	2	0.433	0	0:00:16.374249
8105	0	0	0.206	1	0:00:16.376442
8110	5	6	0.682	0	0:00:16.385854
8115	5	7	0.259	0	0:00:16.379675
8120	8	9	0.757	0	0:00:16.372607
8125	8	8	0.576	1	0:00:16.373098
8130	6	6	0.428	1	0:00:16.383903
8135	7	3	0.192	0	0:00:16.393943
8140	5	-1	0.0	0	0:00:16.396726
8145	9	-1	0.0	0	0:00:16.386415
8150	6	6	1.23	1	0:00:16.375669
8155	1	1	0.949	1	0:00:16.378752
8160	6	6	1.19	1	0:00:16.396083
8165	1	1	0.597	1	0:00:16.384637
8170	5	5	0.782	1	0:00:16.377414
8175	3	6	0.145	0	0:00:16.376925
8180	4	4	0.331	1	0:00:16.374403
8185	0	0	0.453	1	0:00:16.378757
8190	4	6	0.115	0	0:00:16.390953
8195	8	8	0.904	1	0:00:16.405597
8200	3	4	0.357	0	0:00:16.401552
8205	2	2	0.129	1	0:00:16.375098
8210	0	0	1.91	1	0:00:16.366027
8215	1	1	1.08	1	0:00:16.363411
8220	6	-1	0.0	0	0:00:16.387547
8225	9	9	0.655	1	0:00:16.373146
8230	0	0	1.29	1	0:00:16.367799
8235	7	7	1.91	1	0:00:16.378046
8240	7	7	1.37	1	0:00:16.386708
8245	3	5	0.596	0	0:00:16.378254
8250	6	6	0.709	1	0:00:16.382959
8255	9	9	0.547	1	0:00:16.413890
8260	1	1	1.53	1	0:00:16.408489
8265	0	0	1.16	1	0:00:16.375421
8270	6	6	1.28	1	0:00:16.374212
8275	3	7	0.00571	0	0:00:16.378568
8280	4	5	0.534	0	0:00:16.381155
8285	9	9	0.737	1	0:00:16.376168
8290	8	0	0.0668	0	0:00:16.365283
8295	3	3	0.316	1	0:00:16.372582
8300	5	-1	0.0	0	0:00:16.372651
8305	4	6	0.182	0	0:00:16.370689
8310	3	3	0.363	1	0:00:16.370224
8315	6	6	0.255	1	0:00:16.394532
8320	7	-1	0.0	0	0:00:16.396585
8325	8	0	0.0101	0	0:00:16.375913
8330	5	5	1.42	1	0:00:16.374959
8335	7	3	0.377	0	0:00:16.364652
8340	5	3	0.109	0	0:00:16.373761
8345	9	9	0.247	1	0:00:16.367325
8350	9	9	0.434	1	0:00:16.371855
8355	9	9	1.67	1	0:00:16.371644
8360	7	7	1.56	1	0:00:16.380223
8365	6	6	1.84	1	0:00:16.378193
8370	4	-1	0.0	0	0:00:16.365164
8375	4	-1	0.0	0	0:00:16.396656
8380	9	9	1.58	1	0:00:16.408614
8385	9	9	0.0731	1	0:00:16.382970
8390	1	1	1.32	1	0:00:16.373645
8395	1	1	0.429	1	0:00:16.378075
8400	0	0	0.526	1	0:00:16.371676
8405	0	2	0.334	0	0:00:16.362198
8410	5	-1	0.0	0	0:00:16.378813
8415	0	0	1.26	1	0:00:16.367041
8420	3	6	0.607	0	0:00:16.373254
8425	6	2	0.413	0	0:00:16.366901
8430	9	9	1.65	1	0:00:16.376122
8435	3	3	0.566	1	0:00:16.385568
8440	5	5	0.471	1	0:00:16.400481
8445	1	1	0.755	1	0:00:16.401644
8450	9	-1	0.0	0	0:00:16.373991
8455	1	1	1.6	1	0:00:16.376980
8460	8	8	1.11	1	0:00:16.368166
8465	9	9	0.49	1	0:00:16.379984
8470	8	8	0.93	1	0:00:16.363829
8475	9	-1	0.0	0	0:00:16.372793
8480	2	2	0.48	1	0:00:16.378968
8485	0	0	1.55	1	0:00:16.368455
8490	3	5	0.5	0	0:00:16.367104
8495	1	1	0.437	1	0:00:16.387895
8500	4	4	1.03	1	0:00:16.398838
8505	5	5	0.296	1	0:00:16.395639
8510	7	7	1.91	1	0:00:16.371412
8515	8	8	1.25	1	0:00:16.369401
8520	8	1	0.41	0	0:00:16.365456
8525	3	-1	0.0	0	0:00:16.377033
8530	8	-1	0.0	0	0:00:16.371713
8535	7	5	0.0259	0	0:00:16.376290
8540	4	4	0.184	1	0:00:16.364134
8545	6	6	0.516	1	0:00:16.369625
8550	1	1	1.09	1	0:00:16.376091
8555	5	5	0.569	1	0:00:16.367740
8560	7	7	1.24	1	0:00:16.407203
8565	7	7	0.845	1	0:00:16.408772
8570	6	6	0.113	1	0:00:16.375171
8575	9	9	0.729	1	0:00:16.368284
8580	3	5	0.0718	0	0:00:16.377323
8585	9	9	0.35	1	0:00:16.366343
8590	0	0	0.777	1	0:00:16.376344
8595	1	1	1.31	1	0:00:16.363128
8600	3	-1	0.0	0	0:00:16.378438
8605	6	6	0.249	1	0:00:16.378857
8610	2	2	0.689	1	0:00:16.388061
8615	9	9	0.663	1	0:00:16.377370
8620	3	-1	0.0	0	0:00:16.415729
8625	5	5	0.266	1	0:00:16.407983
8630	5	5	1.16	1	0:00:16.378799
8635	6	6	0.77	1	0:00:16.378428
8640	1	1	0.295	1	0:00:16.378739
8645	1	1	1.56	1	0:00:16.371578
8650	2	2	0.0323	1	0:00:16.379651
8655	8	8	1.23	1	0:00:16.370050
8660	7	7	0.96	1	0:00:16.378130
8665	3	3	0.283	1	0:00:16.379177
8670	9	6	0.177	0	0:00:16.377294
8675	7	7	0.878	1	0:00:16.381194
8680	3	7	0.0532	0	0:00:16.408410
8685	7	4	0.0836	0	0:00:16.409441
8690	8	8	0.33	1	0:00:16.389302
8695	4	4	0.285	1	0:00:16.380995
8700	3	3	0.351	1	0:00:16.393564
8705	6	-1	0.0	0	0:00:16.372131
8710	7	7	0.0485	1	0:00:16.382610
8715	2	2	0.63	1	0:00:16.392590
8720	2	0	1.6	0	0:00:16.377696
8725	8	8	0.807	1	0:00:16.390274
8730	2	-1	0.0	0	0:00:16.393670
8735	3	-1	0.0	0	0:00:16.387113
8740	2	2	0.0758	1	0:00:16.395348
8745	5	5	1.77	1	0:00:16.410291
8750	9	9	1.22	1	0:00:16.389129
8755	6	6	0.817	1	0:00:16.379055
8760	8	8	1.47	1	0:00:16.382702
8765	2	2	0.376	1	0:00:16.386826
8770	6	4	0.0443	0	0:00:16.380893
8775	1	3	0.266	0	0:00:16.379235
8780	4	4	0.345	1	0:00:16.389567
8785	8	-1	0.0	0	0:00:16.384754
8790	0	0	0.13	1	0:00:16.382402
8795	0	0	1.91	1	0:00:16.381148
8800	0	0	1.47	1	0:00:16.382877
8805	9	9	0.604	1	0:00:16.404682
8810	2	3	0.514	0	0:00:16.395957
8815	3	-1	0.0	0	0:00:16.380217
8820	2	2	0.719	1	0:00:16.372982
8825	0	8	0.29	0	0:00:16.384000
8830	9	9	1.2	1	0:00:16.379505
8835	7	7	0.958	1	0:00:16.369021
8840	2	-1	0.0	0	0:00:16.370483
8845	2	2	1.4	1	0:00:16.375504
8850	1	1	0.752	1	0:00:16.377174
8855	4	-1	0.0	0	0:00:16.380670
8860	2	2	0.737	1	0:00:16.391666
8865	7	7	0.724	1	0:00:16.411057
8870	5	5	0.606	1	0:00:16.401195
8875	8	-1	0.0	0	0:00:16.372436
8880	1	1	0.879	1	0:00:16.361851
8885	3	3	1.42	1	0:00:16.376365
8890	8	8	1.23	1	0:00:16.384759
8895	0	0	1.34	1	0:00:16.388533
8900	2	4	0.283	0	0:00:16.375878
8905	8	8	0.149	1	0:00:16.373218
8910	1	1	0.0288	1	0:00:16.370503
8915	9	9	1.31	1	0:00:16.374899
8920	6	6	0.779	1	0:00:16.383203
8925	0	0	1.33	1	0:00:16.402106
8930	3	3	0.0313	1	0:00:16.415458
8935	0	0	0.859	1	0:00:16.381511
8940	6	3	1.2	0	0:00:16.376308
8945	1	1	0.597	1	0:00:16.377009
8950	9	9	0.766	1	0:00:16.383600
8955	1	9	0.0827	0	0:00:16.372115
8960	0	0	0.71	1	0:00:16.365252
8965	4	-1	0.0	0	0:00:16.368698
8970	0	0	0.739	1	0:00:16.376073
8975	8	8	1.59	1	0:00:16.371976
8980	9	9	1.75	1	0:00:16.380466
8985	9	0	0.169	0	0:00:16.398567
8990	1	1	1.83	1	0:00:16.399335
8995	9	9	0.707	1	0:00:16.382501
9000	8	8	1.83	1	0:00:16.368864
9005	5	5	1.41	1	0:00:16.364563
9010	8	-1	0.0	0	0:00:16.375218
9015	8	8	0.151	1	0:00:16.387188
9020	7	7	1.04	1	0:00:16.375155
9025	5	5	1.34	1	0:00:16.378695
9030	2	2	0.225	1	0:00:16.381165
9035	4	-1	0.0	0	0:00:16.382209
9040	2	5	1.2	0	0:00:16.378846
9045	0	0	1.91	1	0:00:16.393059
9050	5	3	0.646	0	0:00:16.408188
9055	6	6	1.68	1	0:00:16.383130
9060	9	5	0.306	0	0:00:16.370378
9065	0	0	0.807	1	0:00:16.383296
9070	2	2	0.462	1	0:00:16.379131
9075	0	0	1.87	1	0:00:16.374788
9080	3	3	0.52	1	0:00:16.375704
9085	9	-1	0.0	0	0:00:16.377719
9090	2	2	0.0292	1	0:00:16.372903
9095	5	6	0.0266	0	0:00:16.381094
9100	9	-1	0.0	0	0:00:16.382132
9105	8	8	0.225	1	0:00:16.388834
9110	1	1	1.39	1	0:00:16.411985
9115	8	8	1.91	1	0:00:16.393483
9120	3	3	0.0189	1	0:00:16.362645
9125	1	1	0.701	1	0:00:16.381572
9130	8	8	0.219	1	0:00:16.379808
9135	7	-1	0.0	0	0:00:16.371520
9140	7	-1	0.0	0	0:00:16.377532
9145	1	1	0.468	1	0:00:16.371296
9150	6	6	0.752	1	0:00:16.365804
9155	5	5	0.743	1	0:00:16.387064
9160	5	5	0.443	1	0:00:16.377675
9165	4	4	0.299	1	0:00:16.376543
9170	0	9	0.135	0	0:00:16.398445
9175	8	8	1.28	1	0:00:16.403575
9180	5	5	1.72	1	0:00:16.379227
9185	1	-1	0.0	0	0:00:16.378870
9190	3	-1	0.0	0	0:00:16.361250
9195	6	6	0.272	1	0:00:16.366546
9200	8	8	0.569	1	0:00:16.369045
9205	4	4	0.131	1	0:00:16.371785
9210	7	7	1.04	1	0:00:16.379166
9215	5	5	0.456	1	0:00:16.374879
9220	8	8	1.19	1	0:00:16.385455
9225	5	-1	0.0	0	0:00:16.380001
9230	2	4	0.101	0	0:00:16.417956
9235	0	0	0.223	1	0:00:16.410035
9240	8	8	0.726	1	0:00:16.377293
9245	1	1	0.628	1	0:00:16.386650
9250	3	5	0.204	0	0:00:16.380089
9255	3	3	0.777	1	0:00:16.385638
9260	5	5	0.783	1	0:00:16.374051
9265	1	1	0.376	1	0:00:16.374106
9270	9	9	1.41	1	0:00:16.378299
9275	8	8	0.8	1	0:00:16.378887
9280	9	1	0.138	0	0:00:16.366912
9285	8	8	0.0829	1	0:00:16.382885
9290	4	2	0.125	0	0:00:16.407668
9295	3	-1	0.0	0	0:00:16.400764
9300	5	5	0.331	1	0:00:16.383733
9305	5	7	0.174	0	0:00:16.373502
9310	3	-1	0.0	0	0:00:16.377213
9315	7	7	0.991	1	0:00:16.369553
9320	9	9	1.29	1	0:00:16.364744
9325	6	6	0.642	1	0:00:16.366817
9330	4	4	0.0347	1	0:00:16.367617
9335	4	4	0.416	1	0:00:16.369648
9340	1	1	1.87	1	0:00:16.365004
9345	1	9	0.285	0	0:00:16.376070
9350	6	6	0.36	1	0:00:16.388006
9355	6	8	0.106	0	0:00:16.403027
9360	5	0	0.222	0	0:00:16.380802
9365	6	6	0.893	1	0:00:16.366039
9370	8	9	0.591	0	0:00:16.369509
9375	3	-1	0.0	0	0:00:16.377216
9380	5	-1	0.0	0	0:00:16.374052
9385	7	5	1.26	0	0:00:16.368001
9390	7	7	1.91	1	0:00:16.371270
9395	7	7	1.91	1	0:00:16.376651
9400	6	6	0.51	1	0:00:16.377190
9405	8	8	0.591	1	0:00:16.364069
9410	5	5	1.91	1	0:00:16.384764
9415	0	4	0.381	0	0:00:16.388813
9420	5	5	0.746	1	0:00:16.396131
9425	6	6	0.38	1	0:00:16.374835
9430	6	6	0.335	1	0:00:16.364207
9435	2	2	0.0461	1	0:00:16.361651
9440	8	8	1.27	1	0:00:16.367296
9445	9	7	0.979	0	0:00:16.369360
9450	6	6	0.122	1	0:00:16.365398
9455	1	1	1.91	1	0:00:16.366361
9460	3	7	0.176	0	0:00:16.368903
9465	5	-1	0.0	0	0:00:16.378876
9470	9	9	1.46	1	0:00:16.393648
9475	2	2	0.114	1	0:00:16.409320
9480	2	2	0.0825	1	0:00:16.389060
9485	7	7	0.216	1	0:00:16.376213
9490	8	8	0.0511	1	0:00:16.371697
9495	0	0	0.92	1	0:00:16.360630
9500	9	9	0.345	1	0:00:16.380581
9505	3	4	0.0115	0	0:00:16.370327
9510	1	1	0.65	1	0:00:16.375637
9515	0	-1	0.0	0	0:00:16.384097
9520	1	1	0.514	1	0:00:16.370567
9525	2	2	0.762	1	0:00:16.377020
9530	6	6	1.91	1	0:00:16.373284
9535	1	-1	0.0	0	0:00:16.411818
9540	5	5	0.42	1	0:00:16.402193
9545	9	9	1.15	1	0:00:16.372401
9550	6	6	0.745	1	0:00:16.370731
9555	4	4	0.0301	1	0:00:16.375412
9560	9	7	0.772	0	0:00:16.386189
9565	0	0	1.91	1	0:00:16.376945
9570	7	7	1.77	1	0:00:16.386438
9575	5	5	0.345	1	0:00:16.379404
9580	1	1	0.55	1	0:00:16.374124
9585	4	-1	0.0	0	0:00:16.384785
9590	0	0	0.754	1	0:00:16.380051
9595	7	7	1.06	1	0:00:16.408100
9600	8	8	0.366	1	0:00:16.401256
9605	5	7	0.0821	0	0:00:16.375253
9610	4	4	0.0389	1	0:00:16.375775
9615	6	6	0.271	1	0:00:16.378533
9620	4	4	0.216	1	0:00:16.378853
9625	2	0	0.14	0	0:00:16.377114
9630	6	-1	0.0	0	0:00:16.383401
9635	7	7	0.313	1	0:00:16.394431
9640	5	-1	0.0	0	0:00:16.376872
9645	1	1	1.91	1	0:00:16.375783
9650	8	8	1.34	1	0:00:16.372032
9655	8	8	0.433	1	0:00:16.408636
9660	6	6	1.8	1	0:00:16.414090
9665	3	5	0.406	0	0:00:16.385549
9670	1	1	0.951	1	0:00:16.383610
9675	4	4	0.39	1	0:00:16.376323
9680	8	8	1.45	1	0:00:16.384739
9685	0	2	0.497	0	0:00:16.370890
9690	4	4	0.293	1	0:00:16.373607
9695	0	0	1.55	1	0:00:16.379739
9700	0	0	0.908	1	0:00:16.363475
9705	6	6	0.602	1	0:00:16.366766
9710	7	5	0.299	0	0:00:16.362634
9715	4	-1	0.0	0	0:00:16.389701
9720	8	-1	0.0	0	0:00:16.402690
9725	8	-1	0.0	0	0:00:16.390433
9730	6	6	1.4	1	0:00:16.375717
9735	6	0	0.569	0	0:00:16.372887
9740	3	6	0.3	0	0:00:16.378455
9745	3	3	0.622	1	0:00:16.373734
9750	2	2	0.406	1	0:00:16.360656
9755	3	-1	0.0	0	0:00:16.370689
9760	9	7	0.652	0	0:00:16.364451
9765	4	4	1.03	1	0:00:16.369037
9770	4	-1	0.0	0	0:00:16.370237
9775	9	9	1.29	1	0:00:16.388845
9780	4	6	0.106	0	0:00:16.400943
9785	8	8	0.566	1	0:00:16.395670
9790	8	-1	0.0	0	0:00:16.370165
9795	4	2	0.227	0	0:00:16.373671
9800	1	1	1.91	1	0:00:16.371765
9805	2	0	0.701	0	0:00:16.383073
9810	8	8	0.138	1	0:00:16.377422
9815	5	2	0.0356	0	0:00:16.380387
9820	0	8	0.48	0	0:00:16.378031
9825	2	2	0.608	1	0:00:16.383108
9830	1	1	0.48	1	0:00:16.369384
9835	7	7	1.06	1	0:00:16.390833
9840	4	5	0.562	0	0:00:16.413789
9845	9	9	0.489	1	0:00:16.413785
9850	7	4	0.599	0	0:00:16.374523
9855	7	4	0.00902	0	0:00:16.374860
9860	0	-1	0.0	0	0:00:16.360937
9865	1	1	0.262	1	0:00:16.366342
9870	2	2	0.872	1	0:00:16.377603
9875	9	-1	0.0	0	0:00:16.389758
9880	7	7	0.323	1	0:00:16.387378
9885	8	8	1.13	1	0:00:16.375482
9890	0	0	1.53	1	0:00:16.377339
9895	4	4	0.568	1	0:00:16.384347
9900	8	-1	0.0	0	0:00:16.406526
9905	1	1	0.582	1	0:00:16.399670
9910	4	7	0.789	0	0:00:16.393680
9915	2	2	1.3	1	0:00:16.394287
9920	6	6	0.862	1	0:00:16.385921
9925	4	4	0.529	1	0:00:16.368157
9930	8	3	0.0898	0	0:00:16.371677
9935	1	1	0.61	1	0:00:16.378111
9940	4	5	0.158	0	0:00:16.368950
9945	7	7	1.37	1	0:00:16.375321
9950	3	4	0.0609	0	0:00:16.383772
9955	8	8	1.19	1	0:00:16.373517
9960	2	0	1.91	0	0:00:16.403651
9965	2	4	0.191	0	0:00:16.403747
9970	2	4	1.11	0	0:00:16.380662
9975	7	7	1.8	1	0:00:16.378290
9980	0	0	1.91	1	0:00:16.376724
9985	5	5	0.109	1	0:00:16.383806
9990	7	7	1.87	1	0:00:16.382272
9995	8	8	1.8	1	0:00:16.387906
