idx	label	predict	radius	correct	time
0	3	3	0.377	1	0:00:15.520905
5	6	6	0.541	1	0:00:15.437511
10	0	0	0.0862	1	0:00:15.631967
15	8	8	0.922	1	0:00:15.859929
20	7	-1	0.0	0	0:00:15.967895
25	2	2	0.517	1	0:00:16.072598
30	6	6	0.337	1	0:00:16.147952
35	2	-1	0.0	0	0:00:16.255154
40	4	4	0.338	1	0:00:16.328628
45	9	9	0.922	1	0:00:16.534749
50	9	9	0.865	1	0:00:16.663818
55	8	8	0.481	1	0:00:16.734576
60	7	7	0.886	1	0:00:16.844340
65	2	2	0.131	1	0:00:16.890163
70	2	0	0.0427	0	0:00:16.954785
75	2	2	0.717	1	0:00:17.011210
80	8	8	0.727	1	0:00:17.046197
85	5	7	0.479	0	0:00:17.045069
90	0	0	0.308	1	0:00:17.059847
95	6	-1	0.0	0	0:00:17.119186
100	4	-1	0.0	0	0:00:17.089530
105	1	1	0.953	1	0:00:17.063836
110	4	4	0.234	1	0:00:17.051779
115	3	3	0.645	1	0:00:17.041790
120	8	8	0.161	1	0:00:17.038264
125	0	-1	0.0	0	0:00:17.008415
130	4	4	0.112	1	0:00:17.017728
135	2	2	0.335	1	0:00:17.008677
140	6	6	0.205	1	0:00:16.997973
145	7	7	0.0292	1	0:00:16.969180
150	8	8	0.633	1	0:00:16.961410
155	5	5	0.323	1	0:00:16.954766
160	2	2	0.548	1	0:00:16.946866
165	4	2	0.28	0	0:00:16.945781
170	9	9	0.713	1	0:00:16.934670
175	9	9	0.953	1	0:00:16.932672
180	0	0	0.553	1	0:00:16.928752
185	8	8	0.892	1	0:00:16.914187
190	5	-1	0.0	0	0:00:16.907124
195	2	2	0.29	1	0:00:16.925369
200	5	5	0.314	1	0:00:16.936101
205	3	3	0.545	1	0:00:16.924369
210	7	6	0.02	0	0:00:16.898906
215	0	0	0.675	1	0:00:16.899839
220	7	7	0.132	1	0:00:16.913793
225	9	9	0.0341	1	0:00:16.911292
230	5	5	0.935	1	0:00:16.917713
235	0	0	0.953	1	0:00:16.880181
240	1	1	0.953	1	0:00:16.912937
245	3	-1	0.0	0	0:00:16.917377
250	5	-1	0.0	0	0:00:16.918927
255	0	-1	0.0	0	0:00:16.918988
260	8	8	0.563	1	0:00:16.938066
265	8	8	0.913	1	0:00:16.886934
270	2	-1	0.0	0	0:00:16.886825
275	5	5	0.0777	1	0:00:16.895692
280	9	9	0.279	1	0:00:16.913736
285	9	9	0.953	1	0:00:16.904461
290	1	1	0.953	1	0:00:16.902658
295	4	4	0.0571	1	0:00:16.908668
300	6	6	0.922	1	0:00:16.900924
305	1	1	0.676	1	0:00:16.907721
310	8	8	0.486	1	0:00:16.899042
315	0	0	0.953	1	0:00:16.936853
320	3	3	0.224	1	0:00:16.925708
325	1	1	0.366	1	0:00:16.904914
330	1	1	0.935	1	0:00:16.901733
335	9	9	0.712	1	0:00:16.913878
340	2	4	0.152	0	0:00:16.897972
345	5	5	0.935	1	0:00:16.907803
350	9	9	0.771	1	0:00:16.913167
355	7	7	0.573	1	0:00:16.889547
360	9	9	0.613	1	0:00:16.898114
365	4	4	0.195	1	0:00:16.900395
370	4	-1	0.0	0	0:00:16.904060
375	7	7	0.541	1	0:00:16.946654
380	6	6	0.441	1	0:00:16.928268
385	8	0	0.415	0	0:00:16.887635
390	1	1	0.953	1	0:00:16.904053
395	6	6	0.394	1	0:00:16.907556
400	9	9	0.736	1	0:00:16.915498
405	4	-1	0.0	0	0:00:16.911908
410	7	7	0.736	1	0:00:16.903683
415	9	9	0.953	1	0:00:16.882565
420	4	4	0.694	1	0:00:16.906632
425	9	9	0.935	1	0:00:16.899632
430	2	4	0.329	0	0:00:16.931310
435	7	7	0.545	1	0:00:16.944344
440	1	1	0.703	1	0:00:16.951217
445	7	2	0.295	0	0:00:16.922981
450	2	2	0.617	1	0:00:16.910491
455	4	5	0.0176	0	0:00:16.924405
460	5	5	0.611	1	0:00:16.920287
465	4	4	0.236	1	0:00:16.910540
470	3	3	0.0535	1	0:00:16.915694
475	7	7	0.886	1	0:00:16.912428
480	8	9	0.211	0	0:00:16.927313
485	9	-1	0.0	0	0:00:16.920889
490	1	1	0.873	1	0:00:16.908264
495	8	8	0.603	1	0:00:16.928685
500	4	-1	0.0	0	0:00:16.938019
505	4	4	0.519	1	0:00:16.908284
510	5	5	0.769	1	0:00:16.907191
515	3	3	0.609	1	0:00:16.904256
520	5	5	0.624	1	0:00:16.913844
525	5	-1	0.0	0	0:00:16.904606
530	9	9	0.81	1	0:00:16.915286
535	6	6	0.689	1	0:00:16.918053
540	1	1	0.73	1	0:00:16.917937
545	9	9	0.935	1	0:00:16.923486
550	5	5	0.0161	1	0:00:16.932257
555	4	8	0.0286	0	0:00:16.933005
560	0	0	0.953	1	0:00:16.952591
565	3	5	0.511	0	0:00:16.940270
570	6	6	0.574	1	0:00:16.952703
575	6	6	0.447	1	0:00:16.935232
580	4	4	0.315	1	0:00:16.956147
585	9	9	0.481	1	0:00:16.960567
590	6	6	0.877	1	0:00:16.941842
595	4	4	0.463	1	0:00:16.971915
600	8	8	0.458	1	0:00:16.953805
605	6	6	0.935	1	0:00:16.956929
610	6	6	0.842	1	0:00:16.969270
615	8	8	0.202	1	0:00:16.994276
620	7	7	0.833	1	0:00:16.999193
625	9	9	0.777	1	0:00:16.948355
630	2	8	0.11	0	0:00:16.962628
635	6	6	0.388	1	0:00:16.930643
640	5	3	0.692	0	0:00:16.947608
645	1	1	0.69	1	0:00:16.951025
650	3	3	0.624	1	0:00:16.943987
655	2	4	0.327	0	0:00:16.940631
660	9	9	0.406	1	0:00:16.965714
665	8	8	0.336	1	0:00:16.969594
670	6	6	0.496	1	0:00:16.984864
675	0	0	0.189	1	0:00:17.007012
680	9	9	0.441	1	0:00:17.034602
685	6	2	0.0441	0	0:00:16.976874
690	3	4	0.197	0	0:00:16.975304
695	3	4	0.0549	0	0:00:16.987727
700	7	7	0.935	1	0:00:16.979669
705	4	-1	0.0	0	0:00:16.986426
710	6	2	0.476	0	0:00:17.013244
715	3	3	0.0113	1	0:00:17.014900
720	4	4	0.23	1	0:00:16.971966
725	2	-1	0.0	0	0:00:16.997291
730	4	-1	0.0	0	0:00:17.007784
735	4	2	0.0895	0	0:00:17.007205
740	2	5	0.505	0	0:00:17.005872
745	7	7	0.27	1	0:00:17.002745
750	9	9	0.862	1	0:00:16.993096
755	2	4	0.387	0	0:00:17.003520
760	3	3	0.236	1	0:00:17.011267
765	2	2	0.935	1	0:00:16.995308
770	6	6	0.188	1	0:00:17.004298
775	2	-1	0.0	0	0:00:16.986412
780	9	9	0.913	1	0:00:16.985550
785	0	0	0.228	1	0:00:17.007857
790	3	0	0.953	0	0:00:17.018741
795	7	7	0.444	1	0:00:17.046220
800	7	7	0.953	1	0:00:17.014138
805	4	4	0.215	1	0:00:16.994444
810	5	5	0.0913	1	0:00:17.008950
815	8	8	0.881	1	0:00:16.998394
820	6	6	0.249	1	0:00:16.984014
825	3	6	0.0606	0	0:00:16.992232
830	1	1	0.489	1	0:00:17.000741
835	4	4	0.151	1	0:00:17.008628
840	7	7	0.953	1	0:00:16.985656
845	3	-1	0.0	0	0:00:16.987739
850	7	3	0.0849	0	0:00:17.016785
855	7	7	0.953	1	0:00:17.036953
860	4	4	0.0808	1	0:00:17.019364
865	1	1	0.905	1	0:00:17.001461
870	3	3	0.289	1	0:00:17.022726
875	8	8	0.833	1	0:00:16.980362
880	8	8	0.869	1	0:00:16.985298
885	0	0	0.499	1	0:00:16.982014
890	4	4	0.297	1	0:00:16.996396
895	1	1	0.767	1	0:00:17.011508
900	2	6	0.0313	0	0:00:16.997868
905	7	7	0.268	1	0:00:17.000237
910	5	5	0.392	1	0:00:17.019680
915	1	1	0.953	1	0:00:17.026261
920	6	6	0.419	1	0:00:17.007898
925	5	3	0.953	0	0:00:17.006417
930	4	4	0.491	1	0:00:16.997647
935	2	2	0.953	1	0:00:17.020830
940	9	9	0.754	1	0:00:17.003213
945	3	3	0.279	1	0:00:17.001326
950	3	3	0.171	1	0:00:17.008844
955	7	7	0.905	1	0:00:16.991699
960	9	9	0.242	1	0:00:17.005345
965	6	3	0.146	0	0:00:17.002869
970	9	9	0.457	1	0:00:16.995045
975	0	0	0.953	1	0:00:17.034193
980	2	2	0.0545	1	0:00:16.992126
985	8	8	0.953	1	0:00:16.995030
990	1	1	0.7	1	0:00:17.013636
995	3	2	0.119	0	0:00:16.994605
1000	5	5	0.953	1	0:00:17.013683
1005	1	1	0.734	1	0:00:17.006137
1010	0	0	0.953	1	0:00:16.982222
1015	4	4	0.324	1	0:00:16.998862
1020	1	1	0.913	1	0:00:17.000348
1025	5	5	0.372	1	0:00:16.986067
1030	3	3	0.886	1	0:00:16.995713
1035	6	6	0.273	1	0:00:17.036613
1040	7	5	0.168	0	0:00:17.069032
1045	5	-1	0.0	0	0:00:17.011880
1050	3	0	0.0154	0	0:00:16.998603
1055	5	5	0.676	1	0:00:16.995493
1060	9	9	0.953	1	0:00:17.013393
1065	3	9	0.453	0	0:00:17.018727
1070	3	3	0.743	1	0:00:17.010394
1075	8	8	0.346	1	0:00:17.014156
1080	6	6	0.407	1	0:00:17.022538
1085	4	4	0.8	1	0:00:16.997267
1090	0	0	0.787	1	0:00:17.002389
1095	2	2	0.465	1	0:00:17.017130
1100	7	0	0.0628	0	0:00:17.013804
1105	4	3	0.195	0	0:00:16.999266
1110	2	2	0.953	1	0:00:16.998666
1115	1	1	0.706	1	0:00:17.006134
1120	5	2	0.0405	0	0:00:17.006732
1125	6	6	0.705	1	0:00:16.989471
1130	7	0	0.0426	0	0:00:16.996142
1135	6	6	0.481	1	0:00:16.984626
1140	6	6	0.256	1	0:00:16.994078
1145	4	4	0.0976	1	0:00:16.989321
1150	2	7	0.089	0	0:00:16.994823
1155	9	-1	0.0	0	0:00:17.019419
1160	8	8	0.624	1	0:00:17.048490
1165	0	0	0.715	1	0:00:16.993270
1170	7	7	0.526	1	0:00:17.000558
1175	9	9	0.913	1	0:00:16.997315
1180	3	3	0.556	1	0:00:16.988819
1185	1	-1	0.0	0	0:00:17.000587
1190	1	1	0.8	1	0:00:17.000450
1195	6	6	0.953	1	0:00:16.988908
1200	8	8	0.52	1	0:00:17.000935
1205	8	8	0.397	1	0:00:17.003477
1210	0	0	0.953	1	0:00:17.005818
1215	7	7	0.898	1	0:00:17.054032
1220	9	6	0.0582	0	0:00:17.022895
1225	6	6	0.362	1	0:00:17.000601
1230	5	3	0.744	0	0:00:16.988934
1235	5	5	0.433	1	0:00:17.005430
1240	2	6	0.195	0	0:00:16.994593
1245	6	6	0.53	1	0:00:16.996090
1250	7	7	0.596	1	0:00:16.992092
1255	4	4	0.808	1	0:00:16.998939
1260	1	1	0.0112	1	0:00:17.009832
1265	9	1	0.411	0	0:00:17.016228
1270	1	1	0.0603	1	0:00:17.022528
1275	3	3	0.301	1	0:00:17.052372
1280	3	3	0.302	1	0:00:17.067740
1285	9	9	0.222	1	0:00:17.010033
1290	5	5	0.572	1	0:00:17.003925
1295	0	0	0.886	1	0:00:16.983574
1300	4	3	0.348	0	0:00:16.992907
1305	9	9	0.662	1	0:00:16.998171
1310	0	0	0.953	1	0:00:17.001150
1315	4	4	0.391	1	0:00:16.996987
1320	7	7	0.51	1	0:00:16.972148
1325	2	2	0.0854	1	0:00:16.988888
1330	2	3	0.142	0	0:00:17.005597
1335	1	1	0.792	1	0:00:17.054237
1340	1	1	0.652	1	0:00:17.008221
1345	4	4	0.199	1	0:00:17.018622
1350	4	4	0.0423	1	0:00:16.996477
1355	5	3	0.019	0	0:00:17.009937
1360	7	7	0.323	1	0:00:17.013052
1365	0	0	0.886	1	0:00:16.994568
1370	9	9	0.0577	1	0:00:17.022969
1375	4	4	0.818	1	0:00:17.018256
1380	4	4	0.0999	1	0:00:17.012934
1385	5	3	0.0539	0	0:00:17.007762
1390	6	6	0.935	1	0:00:17.026397
1395	3	-1	0.0	0	0:00:17.066460
1400	5	3	0.00836	0	0:00:17.029272
1405	1	1	0.486	1	0:00:17.020478
1410	1	1	0.953	1	0:00:16.996867
1415	7	7	0.582	1	0:00:17.004462
1420	4	4	0.165	1	0:00:17.001971
1425	4	3	0.179	0	0:00:16.988693
1430	8	8	0.186	1	0:00:17.004904
1435	1	1	0.913	1	0:00:17.024229
1440	0	0	0.323	1	0:00:16.995662
1445	3	4	0.546	0	0:00:16.991266
1450	2	2	0.328	1	0:00:16.994777
1455	6	6	0.653	1	0:00:17.029613
1460	6	6	0.844	1	0:00:17.068720
1465	9	9	0.492	1	0:00:16.991075
1470	7	-1	0.0	0	0:00:17.000868
1475	9	9	0.502	1	0:00:17.007035
1480	1	1	0.259	1	0:00:17.001250
1485	0	0	0.686	1	0:00:16.970970
1490	8	8	0.953	1	0:00:17.016055
1495	2	0	0.0154	0	0:00:16.988086
1500	1	1	0.717	1	0:00:17.017644
1505	2	2	0.139	1	0:00:17.023623
1510	8	-1	0.0	0	0:00:16.996096
1515	2	2	0.539	1	0:00:17.016495
1520	7	7	0.518	1	0:00:17.029971
1525	3	-1	0.0	0	0:00:17.028196
1530	3	9	0.0277	0	0:00:17.011819
1535	4	2	0.23	0	0:00:17.005328
1540	8	8	0.844	1	0:00:17.001052
1545	1	1	0.057	1	0:00:17.000435
1550	6	6	0.743	1	0:00:17.022738
1555	0	0	0.401	1	0:00:17.017165
1560	7	7	0.953	1	0:00:17.011671
1565	6	6	0.61	1	0:00:17.017936
1570	4	4	0.155	1	0:00:17.016038
1575	2	2	0.615	1	0:00:17.033569
1580	6	-1	0.0	0	0:00:17.040899
1585	7	7	0.953	1	0:00:17.009971
1590	4	4	0.0356	1	0:00:17.023934
1595	3	5	0.57	0	0:00:17.009950
1600	8	-1	0.0	0	0:00:17.012863
1605	3	2	0.145	0	0:00:16.994646
1610	2	0	0.313	0	0:00:17.005348
1615	7	7	0.862	1	0:00:16.988528
1620	5	-1	0.0	0	0:00:16.984997
1625	3	3	0.245	1	0:00:16.991315
1630	9	9	0.747	1	0:00:17.022734
1635	7	7	0.569	1	0:00:17.046754
1640	7	-1	0.0	0	0:00:17.032742
1645	4	4	0.448	1	0:00:17.011552
1650	5	5	0.807	1	0:00:16.995796
1655	8	8	0.869	1	0:00:17.012344
1660	3	3	0.365	1	0:00:17.001997
1665	6	6	0.953	1	0:00:17.014548
1670	6	4	0.115	0	0:00:16.996434
1675	5	7	0.0947	0	0:00:17.009769
1680	6	6	0.478	1	0:00:16.986568
1685	8	4	0.0162	0	0:00:17.015026
1690	2	-1	0.0	0	0:00:17.008657
1695	9	9	0.542	1	0:00:17.022284
1700	5	5	0.0641	1	0:00:17.050079
1705	0	0	0.953	1	0:00:17.022331
1710	4	6	0.111	0	0:00:16.996811
1715	3	-1	0.0	0	0:00:17.029162
1720	4	4	0.572	1	0:00:17.010769
1725	0	0	0.935	1	0:00:16.996073
1730	4	4	0.164	1	0:00:16.997194
1735	0	0	0.328	1	0:00:16.992305
1740	1	1	0.475	1	0:00:16.990974
1745	5	5	0.502	1	0:00:17.004601
1750	8	8	0.503	1	0:00:16.974853
1755	7	7	0.714	1	0:00:16.999155
1760	0	0	0.68	1	0:00:16.997948
1765	4	2	0.0769	0	0:00:16.990638
1770	7	7	0.453	1	0:00:17.002497
1775	3	3	0.755	1	0:00:16.994411
1780	7	7	0.663	1	0:00:16.971434
1785	0	0	0.482	1	0:00:16.987860
1790	7	7	0.419	1	0:00:16.996274
1795	6	6	0.475	1	0:00:17.003288
1800	4	4	0.439	1	0:00:17.014807
1805	8	8	0.516	1	0:00:16.977750
1810	1	1	0.649	1	0:00:16.990168
1815	9	9	0.799	1	0:00:17.030430
1820	8	8	0.784	1	0:00:17.020392
1825	2	2	0.953	1	0:00:17.005697
1830	3	2	0.123	0	0:00:17.014520
1835	0	-1	0.0	0	0:00:16.996263
1840	8	-1	0.0	0	0:00:17.006017
1845	7	7	0.084	1	0:00:17.002274
1850	1	3	0.0795	0	0:00:16.983298
1855	5	5	0.44	1	0:00:16.997734
1860	8	8	0.953	1	0:00:16.990026
1865	7	7	0.679	1	0:00:17.003766
1870	2	2	0.877	1	0:00:16.989519
1875	0	1	0.296	0	0:00:17.000793
1880	1	1	0.953	1	0:00:17.038228
1885	5	5	0.705	1	0:00:17.005017
1890	6	6	0.394	1	0:00:17.008756
1895	8	0	0.237	0	0:00:17.023295
1900	8	8	0.953	1	0:00:17.014166
1905	3	-1	0.0	0	0:00:16.973010
1910	4	4	0.326	1	0:00:17.001665
1915	9	9	0.953	1	0:00:17.025196
1920	2	2	0.953	1	0:00:17.000656
1925	1	1	0.935	1	0:00:16.999116
1930	1	1	0.799	1	0:00:16.986640
1935	6	2	0.197	0	0:00:17.012763
1940	5	5	0.265	1	0:00:17.036649
1945	4	7	0.0854	0	0:00:17.010720
1950	5	-1	0.0	0	0:00:17.020550
1955	2	4	0.12	0	0:00:16.993095
1960	2	-1	0.0	0	0:00:17.025498
1965	0	0	0.793	1	0:00:17.018867
1970	1	1	0.813	1	0:00:17.017886
1975	6	3	0.292	0	0:00:17.003284
1980	9	9	0.73	1	0:00:16.992739
1985	6	2	0.289	0	0:00:16.999061
1990	4	4	0.0487	1	0:00:17.008461
1995	2	2	0.922	1	0:00:17.024295
2000	1	1	0.73	1	0:00:17.035847
2005	5	-1	0.0	0	0:00:17.016141
2010	7	2	0.0364	0	0:00:17.012419
2015	4	4	0.149	1	0:00:16.995058
2020	9	9	0.953	1	0:00:17.011757
2025	4	4	0.27	1	0:00:17.016665
2030	4	4	0.196	1	0:00:16.996649
2035	6	6	0.276	1	0:00:16.997730
2040	0	0	0.892	1	0:00:16.978898
2045	1	1	0.55	1	0:00:16.975150
2050	8	8	0.858	1	0:00:16.978553
2055	5	5	0.636	1	0:00:17.005074
2060	5	3	0.539	0	0:00:17.031210
2065	2	6	0.124	0	0:00:16.991127
2070	2	2	0.203	1	0:00:16.973970
2075	4	4	0.37	1	0:00:16.973136
2080	1	9	0.138	0	0:00:16.981949
2085	0	0	0.503	1	0:00:16.994274
2090	2	2	0.48	1	0:00:16.998475
2095	0	0	0.626	1	0:00:17.002183
2100	2	2	0.482	1	0:00:16.979806
2105	6	6	0.773	1	0:00:16.977156
2110	0	0	0.256	1	0:00:16.985113
2115	5	5	0.703	1	0:00:17.011045
2120	4	8	0.0906	0	0:00:17.018834
2125	1	2	0.184	0	0:00:16.991854
2130	0	0	0.655	1	0:00:16.989837
2135	8	8	0.953	1	0:00:17.001550
2140	9	9	0.953	1	0:00:16.994571
2145	7	7	0.043	1	0:00:17.006723
2150	9	9	0.452	1	0:00:16.982326
2155	9	8	0.0588	0	0:00:16.988663
2160	0	0	0.395	1	0:00:16.989990
2165	2	0	0.212	0	0:00:16.989844
2170	2	2	0.913	1	0:00:16.992159
2175	3	5	0.0463	0	0:00:17.016275
2180	4	4	0.561	1	0:00:17.034046
2185	0	0	0.0457	1	0:00:16.982460
2190	9	9	0.372	1	0:00:16.996223
2195	4	-1	0.0	0	0:00:16.991150
2200	0	0	0.226	1	0:00:16.978643
2205	5	5	0.489	1	0:00:16.987195
2210	2	2	0.786	1	0:00:16.979800
2215	0	0	0.089	1	0:00:16.976249
2220	1	1	0.953	1	0:00:16.989968
2225	7	7	0.935	1	0:00:16.987310
2230	3	3	0.168	1	0:00:16.987761
2235	2	2	0.953	1	0:00:17.009083
2240	9	9	0.267	1	0:00:17.024474
2245	8	8	0.0751	1	0:00:16.999779
2250	7	7	0.366	1	0:00:17.000019
2255	1	1	0.0206	1	0:00:16.977808
2260	4	4	0.664	1	0:00:16.984009
2265	8	8	0.935	1	0:00:16.981493
2270	2	4	0.00513	0	0:00:16.972509
2275	6	6	0.246	1	0:00:16.946925
2280	4	4	0.143	1	0:00:16.957288
2285	3	3	0.105	1	0:00:16.961403
2290	9	9	0.803	1	0:00:16.941305
2295	8	8	0.499	1	0:00:16.947966
2300	3	3	0.0188	1	0:00:16.975960
2305	9	-1	0.0	0	0:00:16.959650
2310	6	-1	0.0	0	0:00:16.920442
2315	2	2	0.576	1	0:00:16.932029
2320	5	2	0.652	0	0:00:16.931749
2325	7	-1	0.0	0	0:00:16.924127
2330	0	0	0.655	1	0:00:16.929219
2335	5	5	0.362	1	0:00:16.955445
2340	7	7	0.953	1	0:00:16.927958
2345	1	1	0.953	1	0:00:16.932094
2350	3	-1	0.0	0	0:00:16.939911
2355	9	-1	0.0	0	0:00:16.952258
2360	7	7	0.017	1	0:00:16.982516
2365	7	7	0.467	1	0:00:16.981164
2370	0	0	0.886	1	0:00:16.964152
2375	0	0	0.228	1	0:00:16.956666
2380	8	8	0.719	1	0:00:16.977003
2385	4	-1	0.0	0	0:00:16.983117
2390	1	1	0.331	1	0:00:16.989962
2395	7	7	0.141	1	0:00:16.987159
2400	0	0	0.953	1	0:00:16.975417
2405	3	6	0.953	0	0:00:17.002101
2410	3	3	0.922	1	0:00:17.011347
2415	6	6	0.102	1	0:00:16.991172
2420	8	8	0.0537	1	0:00:17.045393
2425	0	0	0.519	1	0:00:17.020739
2430	7	7	0.515	1	0:00:16.975596
2435	6	6	0.205	1	0:00:16.987401
2440	7	7	0.953	1	0:00:16.988290
2445	6	6	0.953	1	0:00:16.985271
2450	1	1	0.953	1	0:00:16.991041
2455	6	6	0.0316	1	0:00:16.993323
2460	9	9	0.107	1	0:00:16.987020
2465	9	9	0.414	1	0:00:17.001299
2470	7	7	0.471	1	0:00:17.005968
2475	6	6	0.81	1	0:00:17.008965
2480	8	8	0.837	1	0:00:17.008640
2485	6	6	0.953	1	0:00:17.019852
2490	0	0	0.0764	1	0:00:17.013268
2495	9	8	0.469	0	0:00:16.988482
2500	4	4	0.108	1	0:00:16.990581
2505	7	7	0.043	1	0:00:17.001638
2510	4	4	0.446	1	0:00:16.992699
2515	2	-1	0.0	0	0:00:16.990433
2520	1	1	0.144	1	0:00:17.017453
2525	5	-1	0.0	0	0:00:16.998203
2530	6	6	0.146	1	0:00:17.000901
2535	0	0	0.0596	1	0:00:17.033892
2540	2	6	0.119	0	0:00:17.033859
2545	4	4	0.755	1	0:00:17.041843
2550	4	4	0.0669	1	0:00:17.006942
2555	7	7	0.502	1	0:00:17.005382
2560	7	7	0.313	1	0:00:16.986174
2565	3	3	0.348	1	0:00:17.007134
2570	0	2	0.153	0	0:00:16.983506
2575	5	4	0.251	0	0:00:17.005912
2580	6	5	0.0493	0	0:00:17.000375
2585	3	-1	0.0	0	0:00:16.993745
2590	5	3	0.147	0	0:00:17.010381
2595	4	4	0.58	1	0:00:17.006387
2600	8	8	0.898	1	0:00:17.030991
2605	4	4	0.13	1	0:00:17.015701
2610	2	2	0.953	1	0:00:16.974347
2615	7	7	0.383	1	0:00:16.970160
2620	1	1	0.639	1	0:00:16.969735
2625	2	2	0.777	1	0:00:16.991177
2630	2	6	0.00597	0	0:00:16.986662
2635	6	4	0.151	0	0:00:17.003939
2640	7	7	0.935	1	0:00:17.011333
2645	1	1	0.953	1	0:00:17.003906
2650	5	9	0.357	0	0:00:17.024292
2655	4	4	0.241	1	0:00:17.014237
2660	3	-1	0.0	0	0:00:17.001265
2665	1	1	0.953	1	0:00:17.021536
2670	9	9	0.496	1	0:00:17.023978
2675	2	2	0.137	1	0:00:17.021265
2680	0	0	0.953	1	0:00:17.008575
2685	2	4	0.211	0	0:00:17.000003
2690	2	6	0.273	0	0:00:16.983956
2695	2	2	0.239	1	0:00:16.983451
2700	9	9	0.0137	1	0:00:16.981398
2705	8	0	0.445	0	0:00:16.959081
2710	7	7	0.892	1	0:00:16.986327
2715	0	0	0.935	1	0:00:16.952651
2720	3	3	0.485	1	0:00:16.947816
2725	8	8	0.537	1	0:00:16.928955
2730	6	6	0.373	1	0:00:16.958800
2735	2	-1	0.0	0	0:00:17.061950
2740	1	1	0.163	1	0:00:17.096402
2745	8	8	0.953	1	0:00:17.116871
2750	5	5	0.953	1	0:00:17.071028
2755	5	7	0.174	0	0:00:17.069160
2760	2	2	0.421	1	0:00:17.068768
2765	9	9	0.663	1	0:00:17.031913
2770	7	-1	0.0	0	0:00:17.038883
2775	3	3	0.489	1	0:00:17.051613
2780	7	7	0.852	1	0:00:17.056033
2785	4	4	0.57	1	0:00:17.026752
2790	8	8	0.953	1	0:00:16.999531
2795	3	3	0.502	1	0:00:17.024058
2800	4	4	0.369	1	0:00:17.030595
2805	4	4	0.58	1	0:00:17.044214
2810	9	7	0.333	0	0:00:17.031444
2815	3	3	0.486	1	0:00:17.037033
2820	6	6	0.953	1	0:00:17.023971
2825	2	6	0.0661	0	0:00:17.025448
2830	6	6	0.886	1	0:00:17.023823
2835	4	3	0.00298	0	0:00:17.057701
2840	3	3	0.953	1	0:00:17.024184
2845	5	2	0.027	0	0:00:17.036665
2850	5	5	0.595	1	0:00:17.031402
2855	3	-1	0.0	0	0:00:17.042387
2860	5	4	0.277	0	0:00:17.028408
2865	6	6	0.28	1	0:00:17.036731
2870	8	8	0.292	1	0:00:17.023304
2875	1	1	0.153	1	0:00:17.036374
2880	4	4	0.778	1	0:00:16.924094
2885	5	5	0.953	1	0:00:16.897808
2890	5	5	0.595	1	0:00:16.904294
2895	7	5	0.669	0	0:00:16.888128
2900	3	7	0.128	0	0:00:16.899031
2905	4	4	0.316	1	0:00:16.909096
2910	8	8	0.388	1	0:00:16.909492
2915	5	5	0.922	1	0:00:16.906843
2920	2	3	0.0209	0	0:00:16.916508
2925	4	4	0.615	1	0:00:16.926120
2930	7	3	0.0777	0	0:00:16.927153
2935	8	8	0.259	1	0:00:16.935793
2940	3	0	0.796	0	0:00:17.053810
2945	7	7	0.146	1	0:00:17.110073
2950	1	1	0.214	1	0:00:17.069788
2955	2	3	0.486	0	0:00:17.054477
2960	9	0	0.156	0	0:00:17.054998
2965	7	7	0.326	1	0:00:17.051376
2970	5	3	0.16	0	0:00:17.026042
2975	9	2	0.105	0	0:00:17.039486
2980	8	8	0.455	1	0:00:17.017465
2985	2	-1	0.0	0	0:00:17.045457
2990	4	4	0.46	1	0:00:17.008646
2995	4	4	0.506	1	0:00:16.972413
3000	5	5	0.787	1	0:00:16.870227
3005	0	0	0.0979	1	0:00:16.912773
3010	6	6	0.692	1	0:00:17.023630
3015	6	6	0.38	1	0:00:17.060373
3020	1	1	0.566	1	0:00:17.015184
3025	2	6	0.0344	0	0:00:17.051391
3030	6	6	0.294	1	0:00:17.014002
3035	3	3	0.194	1	0:00:17.044958
3040	7	7	0.953	1	0:00:17.018073
3045	5	5	0.905	1	0:00:17.028000
3050	0	2	0.0649	0	0:00:17.022579
3055	9	9	0.786	1	0:00:17.026745
3060	7	7	0.839	1	0:00:17.041833
3065	3	3	0.0664	1	0:00:17.045161
3070	0	0	0.862	1	0:00:17.011865
3075	6	3	0.585	0	0:00:17.029972
3080	1	1	0.0748	1	0:00:17.033448
3085	2	2	0.315	1	0:00:17.035089
3090	4	4	0.737	1	0:00:17.031574
3095	4	4	0.165	1	0:00:17.013685
3100	0	0	0.608	1	0:00:17.017056
3105	1	1	0.672	1	0:00:17.013681
3110	7	7	0.1	1	0:00:17.027036
3115	5	2	0.163	0	0:00:17.025735
3120	4	4	0.134	1	0:00:17.018672
3125	3	3	0.316	1	0:00:17.044236
3130	3	3	0.453	1	0:00:16.879113
3135	7	7	0.332	1	0:00:16.997445
3140	8	8	0.593	1	0:00:17.017380
3145	9	9	0.119	1	0:00:17.049286
3150	1	9	0.124	0	0:00:17.021972
3155	8	8	0.641	1	0:00:17.021675
3160	6	2	0.112	0	0:00:17.037239
3165	1	1	0.237	1	0:00:17.052864
3170	9	9	0.953	1	0:00:17.051453
3175	1	1	0.42	1	0:00:17.065621
3180	3	3	0.0906	1	0:00:17.020255
3185	2	2	0.155	1	0:00:17.054357
3190	3	3	0.641	1	0:00:17.052417
3195	5	4	0.0594	0	0:00:17.016251
3200	5	5	0.578	1	0:00:17.063464
3205	8	8	0.649	1	0:00:17.054745
3210	9	9	0.953	1	0:00:17.059131
3215	1	1	0.804	1	0:00:17.028079
3220	3	9	0.124	0	0:00:17.060530
3225	9	9	0.844	1	0:00:17.054235
3230	3	5	0.0423	0	0:00:17.034366
3235	5	5	0.333	1	0:00:17.028155
3240	4	-1	0.0	0	0:00:17.052521
3245	7	7	0.781	1	0:00:17.024332
3250	2	6	0.336	0	0:00:17.042978
3255	5	5	0.477	1	0:00:17.042274
3260	7	7	0.517	1	0:00:17.035809
3265	8	8	0.61	1	0:00:17.014238
3270	8	8	0.0554	1	0:00:17.032040
3275	5	7	0.72	0	0:00:17.017376
3280	3	5	0.0818	0	0:00:17.019164
3285	1	1	0.419	1	0:00:17.035092
3290	5	5	0.616	1	0:00:17.031611
3295	9	9	0.452	1	0:00:17.042705
3300	4	4	0.284	1	0:00:17.018632
3305	9	9	0.922	1	0:00:17.039975
3310	6	6	0.463	1	0:00:17.012382
3315	3	3	0.19	1	0:00:17.013859
3320	2	7	0.334	0	0:00:17.043011
3325	6	-1	0.0	0	0:00:17.061981
3330	7	7	0.167	1	0:00:17.024343
3335	0	-1	0.0	0	0:00:17.020715
3340	6	6	0.525	1	0:00:17.022780
3345	7	7	0.953	1	0:00:17.043392
3350	8	8	0.454	1	0:00:17.017533
3355	5	-1	0.0	0	0:00:17.011418
3360	4	4	0.436	1	0:00:17.041401
3365	9	9	0.575	1	0:00:17.049963
3370	1	1	0.953	1	0:00:17.022840
3375	4	4	0.21	1	0:00:17.058251
3380	8	8	0.953	1	0:00:17.008772
3385	8	8	0.281	1	0:00:17.010566
3390	3	5	0.913	0	0:00:17.031971
3395	9	9	0.953	1	0:00:17.032295
3400	6	4	0.485	0	0:00:17.034518
3405	7	7	0.736	1	0:00:17.022196
3410	4	4	0.77	1	0:00:17.026229
3415	7	-1	0.0	0	0:00:17.026808
3420	5	-1	0.0	0	0:00:17.033186
3425	0	0	0.175	1	0:00:17.033803
3430	8	8	0.953	1	0:00:17.059610
3435	6	6	0.935	1	0:00:17.017471
3440	2	3	0.638	0	0:00:17.052223
3445	0	0	0.953	1	0:00:17.034399
3450	9	1	0.305	0	0:00:17.041216
3455	6	6	0.566	1	0:00:17.050194
3460	1	1	0.953	1	0:00:17.045830
3465	6	6	0.76	1	0:00:17.031464
3470	7	7	0.266	1	0:00:17.014871
3475	0	0	0.565	1	0:00:17.032301
3480	2	2	0.953	1	0:00:17.051534
3485	1	1	0.695	1	0:00:17.044771
3490	0	-1	0.0	0	0:00:17.015035
3495	2	7	0.0199	0	0:00:17.051148
3500	1	1	0.115	1	0:00:17.031953
3505	4	4	0.468	1	0:00:17.011969
3510	4	4	0.178	1	0:00:17.046956
3515	8	8	0.886	1	0:00:16.996022
3520	1	1	0.953	1	0:00:17.046222
3525	2	-1	0.0	0	0:00:17.013870
3530	6	6	0.935	1	0:00:17.015450
3535	5	5	0.469	1	0:00:17.052492
3540	6	6	0.73	1	0:00:17.018748
3545	4	4	0.953	1	0:00:17.050800
3550	0	4	0.233	0	0:00:17.024417
3555	6	6	0.354	1	0:00:17.037902
3560	1	1	0.0266	1	0:00:17.037067
3565	1	1	0.873	1	0:00:17.026855
3570	3	3	0.394	1	0:00:17.021504
3575	3	3	0.0137	1	0:00:17.043471
3580	4	4	0.228	1	0:00:17.049314
3585	8	8	0.913	1	0:00:17.008612
3590	7	7	0.953	1	0:00:17.037950
3595	2	2	0.28	1	0:00:17.035666
3600	4	2	0.469	0	0:00:17.057363
3605	6	4	0.174	0	0:00:17.033072
3610	5	5	0.424	1	0:00:17.023395
3615	6	2	0.0687	0	0:00:17.034307
3620	0	0	0.302	1	0:00:17.051087
3625	8	-1	0.0	0	0:00:17.040556
3630	8	8	0.892	1	0:00:17.038120
3635	4	4	0.136	1	0:00:17.031075
3640	6	6	0.0855	1	0:00:17.038719
3645	1	9	0.285	0	0:00:17.040653
3650	0	0	0.786	1	0:00:17.028614
3655	9	9	0.569	1	0:00:17.024702
3660	0	0	0.504	1	0:00:17.012138
3665	7	7	0.579	1	0:00:17.051634
3670	9	9	0.0916	1	0:00:17.031657
3675	4	4	0.953	1	0:00:17.036378
3680	0	0	0.0733	1	0:00:17.025500
3685	2	2	0.514	1	0:00:17.039742
3690	9	9	0.913	1	0:00:17.009274
3695	8	8	0.953	1	0:00:17.035823
3700	3	3	0.741	1	0:00:17.026738
3705	8	8	0.558	1	0:00:17.018655
3710	2	2	0.268	1	0:00:17.032909
3715	1	6	0.094	0	0:00:17.026867
3720	2	2	0.953	1	0:00:17.035568
3725	2	0	0.0473	0	0:00:17.036696
3730	1	1	0.796	1	0:00:17.021103
3735	5	-1	0.0	0	0:00:17.012635
3740	0	0	0.953	1	0:00:17.030988
3745	1	1	0.953	1	0:00:17.033027
3750	9	9	0.136	1	0:00:17.029591
3755	9	3	0.0866	0	0:00:17.027579
3760	7	7	0.953	1	0:00:17.049313
3765	0	0	0.793	1	0:00:17.014776
3770	9	9	0.922	1	0:00:17.029704
3775	6	6	0.772	1	0:00:17.017457
3780	4	4	0.347	1	0:00:17.020952
3785	6	2	0.0211	0	0:00:17.055341
3790	4	4	0.264	1	0:00:17.008762
3795	7	7	0.432	1	0:00:17.046204
3800	9	9	0.707	1	0:00:17.023952
3805	9	9	0.953	1	0:00:17.039695
3810	3	3	0.397	1	0:00:17.015372
3815	2	2	0.145	1	0:00:17.024795
3820	0	0	0.131	1	0:00:17.033974
3825	0	0	0.865	1	0:00:17.040699
3830	5	-1	0.0	0	0:00:17.048614
3835	3	5	0.221	0	0:00:17.042583
3840	6	3	0.00225	0	0:00:17.042431
3845	0	0	0.691	1	0:00:17.018154
3850	9	9	0.494	1	0:00:17.050144
3855	1	1	0.953	1	0:00:17.017022
3860	7	7	0.953	1	0:00:17.059880
3865	7	7	0.673	1	0:00:17.045005
3870	8	8	0.398	1	0:00:17.005189
3875	2	2	0.935	1	0:00:17.030753
3880	6	6	0.286	1	0:00:17.053648
3885	6	6	0.151	1	0:00:17.017509
3890	7	7	0.475	1	0:00:17.049949
3895	1	1	0.612	1	0:00:17.052849
3900	3	3	0.0854	1	0:00:17.015785
3905	2	2	0.411	1	0:00:17.038864
3910	4	2	0.129	0	0:00:17.024037
3915	4	4	0.31	1	0:00:17.044838
3920	7	7	0.269	1	0:00:17.021629
3925	1	1	0.721	1	0:00:17.044641
3930	1	1	0.7	1	0:00:17.018467
3935	4	4	0.354	1	0:00:17.034428
3940	6	-1	0.0	0	0:00:17.012580
3945	5	5	0.18	1	0:00:17.030918
3950	8	8	0.607	1	0:00:17.019487
3955	0	0	0.816	1	0:00:17.019742
3960	2	2	0.779	1	0:00:17.038685
3965	0	0	0.421	1	0:00:17.013196
3970	9	9	0.296	1	0:00:17.016787
3975	7	7	0.953	1	0:00:17.048123
3980	9	9	0.163	1	0:00:17.032562
3985	7	7	0.764	1	0:00:17.041467
3990	4	4	0.0218	1	0:00:17.008833
3995	7	9	0.108	0	0:00:17.047712
4000	8	-1	0.0	0	0:00:17.024972
4005	5	5	0.305	1	0:00:17.009215
4010	7	7	0.394	1	0:00:17.028039
4015	1	1	0.827	1	0:00:17.024317
4020	8	8	0.485	1	0:00:17.027478
4025	1	1	0.513	1	0:00:17.030811
4030	1	1	0.844	1	0:00:17.042553
4035	2	2	0.922	1	0:00:17.037376
4040	0	0	0.881	1	0:00:17.010459
4045	7	7	0.634	1	0:00:17.011939
4050	3	2	0.0079	0	0:00:17.018444
4055	1	1	0.372	1	0:00:17.039824
4060	6	6	0.558	1	0:00:17.003458
4065	4	4	0.13	1	0:00:17.017814
4070	9	9	0.953	1	0:00:17.036577
4075	2	2	0.529	1	0:00:17.020739
4080	1	1	0.953	1	0:00:17.052929
4085	8	-1	0.0	0	0:00:17.025192
4090	4	4	0.0916	1	0:00:17.041905
4095	8	8	0.138	1	0:00:17.042973
4100	7	7	0.953	1	0:00:17.038981
4105	7	7	0.953	1	0:00:17.034326
4110	2	2	0.521	1	0:00:17.040306
4115	8	8	0.307	1	0:00:17.038575
4120	4	4	0.898	1	0:00:17.019017
4125	8	-1	0.0	0	0:00:17.018447
4130	6	6	0.953	1	0:00:17.046984
4135	1	-1	0.0	0	0:00:17.030850
4140	5	5	0.684	1	0:00:17.043047
4145	8	8	0.922	1	0:00:17.033332
4150	6	6	0.293	1	0:00:17.021919
4155	3	3	0.68	1	0:00:17.043862
4160	5	-1	0.0	0	0:00:17.018055
4165	8	8	0.0607	1	0:00:17.039597
4170	1	1	0.342	1	0:00:17.036058
4175	3	4	0.0289	0	0:00:17.016885
4180	0	8	0.156	0	0:00:17.022629
4185	7	7	0.466	1	0:00:17.017187
4190	3	7	0.257	0	0:00:17.044735
4195	3	3	0.776	1	0:00:17.006847
4200	4	4	0.181	1	0:00:17.001487
4205	4	4	0.233	1	0:00:17.022070
4210	3	5	0.158	0	0:00:17.019850
4215	1	1	0.717	1	0:00:17.034598
4220	4	0	0.112	0	0:00:17.010133
4225	5	5	0.869	1	0:00:17.017541
4230	6	6	0.0856	1	0:00:17.031482
4235	9	9	0.953	1	0:00:17.027800
4240	7	7	0.0448	1	0:00:17.011276
4245	1	1	0.0871	1	0:00:17.051816
4250	1	-1	0.0	0	0:00:17.045837
4255	9	9	0.308	1	0:00:17.035974
4260	8	8	0.881	1	0:00:17.046159
4265	6	6	0.248	1	0:00:17.042216
4270	0	0	0.573	1	0:00:17.017027
4275	5	5	0.19	1	0:00:17.025896
4280	8	0	0.396	0	0:00:17.041285
4285	1	1	0.21	1	0:00:17.027697
4290	2	2	0.122	1	0:00:17.040017
4295	0	0	0.922	1	0:00:17.039312
4300	8	8	0.615	1	0:00:17.026234
4305	0	0	0.953	1	0:00:17.035460
4310	4	4	0.0505	1	0:00:17.026918
4315	6	0	0.105	0	0:00:17.024763
4320	1	-1	0.0	0	0:00:17.031342
4325	6	6	0.534	1	0:00:17.030090
4330	9	9	0.953	1	0:00:17.030310
4335	9	9	0.425	1	0:00:17.016918
4340	0	0	0.849	1	0:00:17.022573
4345	6	-1	0.0	0	0:00:17.058909
4350	4	4	0.65	1	0:00:17.027210
4355	0	3	0.509	0	0:00:17.023690
4360	6	6	0.913	1	0:00:17.051460
4365	9	9	0.551	1	0:00:17.023993
4370	8	8	0.953	1	0:00:17.040627
4375	3	3	0.201	1	0:00:17.036935
4380	9	9	0.64	1	0:00:17.024884
4385	8	8	0.617	1	0:00:17.025265
4390	5	5	0.808	1	0:00:17.034366
4395	7	7	0.953	1	0:00:17.060059
4400	3	-1	0.0	0	0:00:17.014611
4405	6	6	0.378	1	0:00:17.050597
4410	9	9	0.231	1	0:00:17.044269
4415	0	0	0.784	1	0:00:17.027349
4420	5	5	0.465	1	0:00:17.017608
4425	1	1	0.935	1	0:00:17.046576
4430	1	1	0.81	1	0:00:17.031146
4435	3	3	0.298	1	0:00:17.035311
4440	2	2	0.208	1	0:00:16.985182
4445	9	9	0.333	1	0:00:16.890068
4450	0	0	0.29	1	0:00:16.857405
4455	8	8	0.953	1	0:00:16.897658
4460	9	9	0.677	1	0:00:16.908091
4465	6	6	0.472	1	0:00:16.914831
4470	0	0	0.437	1	0:00:16.915165
4475	1	1	0.898	1	0:00:16.916032
4480	9	9	0.953	1	0:00:16.913867
4485	3	7	0.039	0	0:00:16.933077
4490	0	0	0.704	1	0:00:16.943127
4495	3	3	0.317	1	0:00:16.914599
4500	3	5	0.0346	0	0:00:16.924139
4505	4	4	0.913	1	0:00:16.937717
4510	0	0	0.643	1	0:00:16.933137
4515	0	0	0.837	1	0:00:16.925730
4520	3	3	0.169	1	0:00:16.945562
4525	0	0	0.453	1	0:00:16.939729
4530	5	5	0.29	1	0:00:16.913754
4535	2	2	0.781	1	0:00:16.931072
4540	9	9	0.793	1	0:00:16.937751
4545	3	3	0.463	1	0:00:16.939931
4550	9	3	0.429	0	0:00:16.930281
4555	5	3	0.125	0	0:00:16.942337
4560	1	1	0.935	1	0:00:16.929305
4565	2	4	0.102	0	0:00:16.923946
4570	9	9	0.434	1	0:00:16.947628
4575	6	6	0.501	1	0:00:16.928455
4580	6	6	0.407	1	0:00:16.925390
4585	8	0	0.141	0	0:00:16.916424
4590	9	2	0.324	0	0:00:16.911112
4595	9	9	0.59	1	0:00:16.934321
4600	4	4	0.51	1	0:00:16.935280
4605	3	3	0.18	1	0:00:16.918734
4610	6	-1	0.0	0	0:00:16.931294
4615	5	4	0.134	0	0:00:16.913748
4620	7	7	0.127	1	0:00:16.935478
4625	4	4	0.393	1	0:00:16.932020
4630	2	2	0.0128	1	0:00:16.924843
4635	7	7	0.345	1	0:00:16.937784
4640	2	2	0.341	1	0:00:16.946931
4645	4	4	0.267	1	0:00:16.927520
4650	6	6	0.12	1	0:00:16.925478
4655	7	5	0.449	0	0:00:16.929118
4660	7	-1	0.0	0	0:00:16.940857
4665	3	3	0.227	1	0:00:16.944691
4670	8	8	0.759	1	0:00:16.938863
4675	4	4	0.898	1	0:00:16.918700
4680	9	9	0.615	1	0:00:16.921280
4685	4	4	0.179	1	0:00:16.926784
4690	2	2	0.222	1	0:00:16.919212
4695	8	8	0.357	1	0:00:16.941645
4700	6	5	0.175	0	0:00:16.923951
4705	3	5	0.0863	0	0:00:16.909828
4710	3	3	0.255	1	0:00:16.927840
4715	9	9	0.395	1	0:00:16.927948
4720	8	8	0.3	1	0:00:16.928659
4725	9	9	0.617	1	0:00:16.913035
4730	2	2	0.205	1	0:00:16.911925
4735	8	8	0.319	1	0:00:16.933159
4740	5	3	0.145	0	0:00:16.909210
4745	7	-1	0.0	0	0:00:16.921931
4750	7	9	0.00275	0	0:00:16.920383
4755	1	1	0.721	1	0:00:16.935071
4760	3	2	0.437	0	0:00:16.925982
4765	3	3	0.22	1	0:00:16.924088
4770	9	9	0.0914	1	0:00:16.927870
4775	2	2	0.193	1	0:00:16.934453
4780	0	0	0.588	1	0:00:16.912739
4785	3	3	0.648	1	0:00:16.937616
4790	1	1	0.765	1	0:00:16.931750
4795	5	3	0.379	0	0:00:16.941563
4800	9	9	0.953	1	0:00:16.927052
4805	5	3	0.448	0	0:00:16.922783
4810	5	5	0.922	1	0:00:16.930414
4815	9	9	0.385	1	0:00:16.927852
4820	3	3	0.468	1	0:00:16.933373
4825	7	7	0.169	1	0:00:16.932038
4830	3	3	0.0238	1	0:00:16.945842
4835	9	9	0.953	1	0:00:16.925283
4840	0	0	0.953	1	0:00:16.937250
4845	3	3	0.585	1	0:00:16.915070
4850	1	9	0.0264	0	0:00:16.933453
4855	1	1	0.553	1	0:00:16.925163
4860	5	5	0.953	1	0:00:16.924375
4865	8	9	0.153	0	0:00:16.938262
4870	8	8	0.519	1	0:00:16.938915
4875	1	1	0.713	1	0:00:16.919863
4880	0	8	0.176	0	0:00:16.940145
4885	2	2	0.374	1	0:00:16.908679
4890	1	1	0.877	1	0:00:16.929224
4895	1	1	0.589	1	0:00:16.938985
4900	3	3	0.658	1	0:00:16.918699
4905	7	7	0.953	1	0:00:16.925677
4910	8	8	0.176	1	0:00:16.911246
4915	5	5	0.953	1	0:00:16.937323
4920	7	7	0.953	1	0:00:16.936975
4925	5	5	0.339	1	0:00:16.918159
4930	1	1	0.384	1	0:00:16.919195
4935	5	5	0.701	1	0:00:16.930162
4940	6	6	0.376	1	0:00:16.922504
4945	9	9	0.0964	1	0:00:16.932770
4950	2	2	0.913	1	0:00:16.931497
4955	2	-1	0.0	0	0:00:16.944179
4960	4	4	0.316	1	0:00:16.934809
4965	3	-1	0.0	0	0:00:16.921694
4970	2	6	0.0366	0	0:00:16.924457
4975	3	5	0.0913	0	0:00:16.937846
4980	1	9	0.476	0	0:00:16.920917
4985	4	4	0.198	1	0:00:16.927362
4990	7	-1	0.0	0	0:00:16.940293
4995	2	3	0.452	0	0:00:16.937030
5000	7	7	0.953	1	0:00:16.954379
5005	5	3	0.00634	0	0:00:16.954010
5010	7	7	0.953	1	0:00:16.928369
5015	2	2	0.778	1	0:00:16.927291
5020	8	8	0.756	1	0:00:16.917542
5025	5	5	0.297	1	0:00:16.919167
5030	4	4	0.367	1	0:00:16.964086
5035	5	5	0.922	1	0:00:16.914515
5040	3	3	0.338	1	0:00:16.922750
5045	7	7	0.669	1	0:00:16.914992
5050	3	-1	0.0	0	0:00:16.937481
5055	0	0	0.935	1	0:00:16.915156
5060	6	6	0.255	1	0:00:16.920944
5065	0	0	0.677	1	0:00:16.911973
5070	7	7	0.0865	1	0:00:16.934171
5075	6	6	0.136	1	0:00:16.929801
5080	7	7	0.721	1	0:00:16.916237
5085	2	-1	0.0	0	0:00:16.935394
5090	1	1	0.13	1	0:00:16.914954
5095	8	8	0.674	1	0:00:16.917264
5100	3	3	0.723	1	0:00:16.926811
5105	7	7	0.598	1	0:00:16.931253
5110	8	8	0.531	1	0:00:16.926200
5115	5	5	0.151	1	0:00:16.921949
5120	9	9	0.32	1	0:00:16.932512
5125	1	1	0.0846	1	0:00:16.943146
5130	5	-1	0.0	0	0:00:16.938779
5135	1	1	0.935	1	0:00:16.923703
5140	8	8	0.747	1	0:00:16.939450
5145	4	4	0.295	1	0:00:16.918962
5150	4	4	0.233	1	0:00:16.925564
5155	3	5	0.439	0	0:00:16.952425
5160	0	0	0.673	1	0:00:16.919750
5165	2	2	0.577	1	0:00:16.924962
5170	9	9	0.953	1	0:00:16.945039
5175	6	6	0.632	1	0:00:16.934834
5180	9	9	0.00827	1	0:00:16.929221
5185	3	9	0.0227	0	0:00:16.939119
5190	0	0	0.662	1	0:00:16.941498
5195	4	7	0.0278	0	0:00:16.936945
5200	3	3	0.665	1	0:00:16.933392
5205	8	-1	0.0	0	0:00:16.929373
5210	5	5	0.905	1	0:00:16.935162
5215	2	2	0.27	1	0:00:16.936927
5220	0	0	0.427	1	0:00:16.928327
5225	0	0	0.462	1	0:00:16.919368
5230	8	8	0.745	1	0:00:16.950565
5235	1	3	0.178	0	0:00:16.927873
5240	1	1	0.423	1	0:00:16.924964
5245	1	1	0.953	1	0:00:16.925142
5250	7	7	0.742	1	0:00:16.914880
5255	0	0	0.728	1	0:00:16.934718
5260	0	0	0.953	1	0:00:16.927917
5265	2	2	0.568	1	0:00:16.907249
5270	1	1	0.659	1	0:00:16.943284
5275	2	2	0.224	1	0:00:16.937761
5280	0	-1	0.0	0	0:00:16.916420
5285	1	1	0.395	1	0:00:16.954511
5290	3	5	0.348	0	0:00:16.946626
5295	0	0	0.839	1	0:00:16.930015
5300	9	9	0.764	1	0:00:16.947778
5305	7	-1	0.0	0	0:00:16.923146
5310	0	0	0.327	1	0:00:16.938802
5315	9	9	0.953	1	0:00:16.931921
5320	7	7	0.447	1	0:00:16.958918
5325	8	8	0.279	1	0:00:16.938640
5330	7	6	0.0563	0	0:00:16.941562
5335	9	-1	0.0	0	0:00:16.940903
5340	3	4	0.134	0	0:00:16.921894
5345	4	4	0.188	1	0:00:16.920852
5350	9	9	0.731	1	0:00:16.954667
5355	8	8	0.839	1	0:00:16.927866
5360	9	9	0.783	1	0:00:16.932566
5365	8	8	0.156	1	0:00:16.922177
5370	6	6	0.0996	1	0:00:16.934964
5375	1	1	0.283	1	0:00:16.924530
5380	1	9	0.266	0	0:00:16.916162
5385	2	3	0.118	0	0:00:16.925097
5390	1	1	0.862	1	0:00:16.943877
5395	0	0	0.331	1	0:00:16.927392
5400	9	9	0.784	1	0:00:16.934025
5405	2	0	0.807	0	0:00:16.921307
5410	3	-1	0.0	0	0:00:16.922279
5415	4	4	0.46	1	0:00:16.918289
5420	6	6	0.829	1	0:00:16.945650
5425	6	6	0.123	1	0:00:16.922272
5430	7	7	0.27	1	0:00:16.929150
5435	7	4	0.141	0	0:00:16.936803
5440	9	9	0.953	1	0:00:16.937851
5445	7	7	0.7	1	0:00:16.924605
5450	5	3	0.121	0	0:00:16.921776
5455	9	1	0.112	0	0:00:16.934027
5460	0	0	0.953	1	0:00:16.928763
5465	7	7	0.935	1	0:00:16.919621
5470	1	1	0.935	1	0:00:16.920117
5475	0	0	0.953	1	0:00:16.908605
5480	1	1	0.634	1	0:00:16.934434
5485	8	8	0.716	1	0:00:16.919342
5490	3	3	0.106	1	0:00:16.931123
5495	4	4	0.487	1	0:00:16.936302
5500	8	8	0.336	1	0:00:16.921041
5505	4	4	0.577	1	0:00:16.914174
5510	4	4	0.325	1	0:00:16.922632
5515	4	0	0.0338	0	0:00:16.922284
5520	4	4	0.279	1	0:00:16.934279
5525	3	3	0.274	1	0:00:16.926247
5530	3	-1	0.0	0	0:00:16.934161
5535	3	3	0.622	1	0:00:16.919095
5540	5	5	0.102	1	0:00:16.930864
5545	6	6	0.922	1	0:00:16.933301
5550	5	5	0.599	1	0:00:16.937206
5555	4	4	0.104	1	0:00:16.918458
5560	3	5	0.293	0	0:00:16.941839
5565	3	4	0.145	0	0:00:16.937191
5570	5	5	0.34	1	0:00:16.940557
5575	3	5	0.325	0	0:00:16.918851
5580	5	-1	0.0	0	0:00:16.945527
5585	0	0	0.953	1	0:00:16.919414
5590	4	4	0.135	1	0:00:16.935557
5595	6	6	0.292	1	0:00:16.942886
5600	6	6	0.187	1	0:00:16.935216
5605	3	5	0.00564	0	0:00:16.918290
5610	8	8	0.338	1	0:00:16.921541
5615	5	5	0.419	1	0:00:16.930109
5620	3	-1	0.0	0	0:00:16.951385
5625	5	5	0.827	1	0:00:16.925046
5630	3	-1	0.0	0	0:00:16.917654
5635	7	7	0.662	1	0:00:16.927828
5640	2	5	0.0518	0	0:00:16.944317
5645	5	5	0.415	1	0:00:16.926377
5650	5	5	0.0508	1	0:00:16.946315
5655	3	3	0.217	1	0:00:16.922785
5660	9	9	0.163	1	0:00:16.913903
5665	2	0	0.118	0	0:00:16.911285
5670	4	4	0.245	1	0:00:16.923559
5675	7	7	0.654	1	0:00:16.925008
5680	2	3	0.152	0	0:00:16.926539
5685	1	1	0.873	1	0:00:16.918686
5690	7	-1	0.0	0	0:00:16.924513
5695	7	7	0.905	1	0:00:16.933267
5700	3	3	0.648	1	0:00:16.933702
5705	2	2	0.209	1	0:00:16.922741
5710	6	6	0.372	1	0:00:16.934654
5715	6	6	0.726	1	0:00:16.927511
5720	9	9	0.953	1	0:00:16.915629
5725	5	3	0.279	0	0:00:16.925372
5730	5	-1	0.0	0	0:00:16.930753
5735	0	0	0.664	1	0:00:16.931830
5740	6	6	0.321	1	0:00:16.937067
5745	5	5	0.103	1	0:00:16.927531
5750	6	6	0.668	1	0:00:16.926465
5755	4	4	0.0269	1	0:00:16.937989
5760	2	2	0.262	1	0:00:16.929664
5765	9	9	0.573	1	0:00:16.930557
5770	8	8	0.892	1	0:00:16.930665
5775	7	7	0.246	1	0:00:16.915266
5780	7	7	0.953	1	0:00:16.923160
5785	2	2	0.953	1	0:00:16.918262
5790	9	9	0.682	1	0:00:16.950517
5795	7	4	0.138	0	0:00:16.922209
5800	2	2	0.515	1	0:00:16.921749
5805	1	1	0.604	1	0:00:16.939590
5810	5	5	0.442	1	0:00:16.946697
5815	3	3	0.251	1	0:00:16.939794
5820	5	5	0.431	1	0:00:16.934799
5825	3	6	0.411	0	0:00:16.942120
5830	5	6	0.299	0	0:00:16.934092
5835	3	5	0.132	0	0:00:16.919048
5840	2	2	0.321	1	0:00:16.943361
5845	5	5	0.953	1	0:00:16.940742
5850	6	-1	0.0	0	0:00:16.918707
5855	7	2	0.764	0	0:00:16.946437
5860	0	0	0.518	1	0:00:16.932463
5865	6	6	0.509	1	0:00:16.906543
5870	7	7	0.345	1	0:00:16.929731
5875	1	1	0.953	1	0:00:16.922081
5880	0	0	0.855	1	0:00:16.918095
5885	4	4	0.703	1	0:00:16.921535
5890	3	-1	0.0	0	0:00:16.915380
5895	6	6	0.953	1	0:00:16.943200
5900	4	3	0.0469	0	0:00:16.931157
5905	1	1	0.935	1	0:00:16.935268
5910	2	5	0.314	0	0:00:16.923755
5915	5	6	0.0652	0	0:00:16.927851
5920	8	8	0.953	1	0:00:16.938342
5925	3	2	0.231	0	0:00:16.925787
5930	5	2	0.113	0	0:00:16.952084
5935	6	6	0.905	1	0:00:16.932606
5940	7	7	0.0777	1	0:00:16.937991
5945	9	9	0.406	1	0:00:16.941572
5950	9	9	0.683	1	0:00:16.943486
5955	5	4	0.136	0	0:00:16.937680
5960	2	6	0.219	0	0:00:16.931825
5965	7	7	0.953	1	0:00:16.947463
5970	1	1	0.905	1	0:00:16.921862
5975	9	9	0.787	1	0:00:16.945713
5980	9	9	0.913	1	0:00:16.938757
5985	4	4	0.442	1	0:00:16.920922
5990	8	8	0.0898	1	0:00:16.921553
5995	0	0	0.746	1	0:00:16.936007
6000	8	8	0.481	1	0:00:16.946569
6005	4	4	0.263	1	0:00:16.931653
6010	1	2	0.0606	0	0:00:16.924330
6015	0	0	0.192	1	0:00:16.929633
6020	6	6	0.633	1	0:00:16.931744
6025	6	6	0.328	1	0:00:16.936651
6030	8	8	0.566	1	0:00:16.926227
6035	5	5	0.266	1	0:00:16.939355
6040	2	-1	0.0	0	0:00:16.931867
6045	8	8	0.953	1	0:00:16.915609
6050	2	2	0.244	1	0:00:16.920048
6055	0	0	0.532	1	0:00:16.920724
6060	3	4	0.0688	0	0:00:16.919990
6065	5	5	0.278	1	0:00:16.912316
6070	8	9	0.0374	0	0:00:16.932307
6075	3	6	0.188	0	0:00:16.912053
6080	1	1	0.583	1	0:00:16.940049
6085	2	6	0.143	0	0:00:16.933160
6090	1	1	0.76	1	0:00:16.938260
6095	9	9	0.00924	1	0:00:16.936308
6100	1	1	0.953	1	0:00:16.940578
6105	0	0	0.953	1	0:00:16.918336
6110	9	9	0.953	1	0:00:16.930396
6115	8	8	0.886	1	0:00:16.932642
6120	5	5	0.535	1	0:00:16.914752
6125	8	8	0.493	1	0:00:16.929706
6130	1	1	0.0693	1	0:00:16.929143
6135	3	2	0.00684	0	0:00:16.925837
6140	9	9	0.609	1	0:00:16.935351
6145	2	3	0.427	0	0:00:16.924184
6150	1	1	0.816	1	0:00:16.917771
6155	8	8	0.881	1	0:00:16.922700
6160	2	-1	0.0	0	0:00:16.930057
6165	5	5	0.0386	1	0:00:16.938276
6170	2	2	0.27	1	0:00:16.928036
6175	3	3	0.155	1	0:00:16.931537
6180	0	0	0.39	1	0:00:16.932641
6185	5	3	0.0752	0	0:00:16.920515
6190	4	4	0.0979	1	0:00:16.955353
6195	1	1	0.511	1	0:00:16.931269
6200	3	3	0.0469	1	0:00:16.950875
6205	1	1	0.898	1	0:00:16.906020
6210	4	2	0.142	0	0:00:16.939651
6215	2	2	0.358	1	0:00:16.928358
6220	2	-1	0.0	0	0:00:16.931605
6225	3	3	0.48	1	0:00:16.928034
6230	2	2	0.461	1	0:00:16.939079
6235	6	6	0.039	1	0:00:16.928575
6240	2	2	0.411	1	0:00:16.924741
6245	6	6	0.609	1	0:00:16.932824
6250	4	7	0.000212	0	0:00:16.933244
6255	6	6	0.328	1	0:00:16.929746
6260	2	2	0.176	1	0:00:16.937960
6265	4	4	0.827	1	0:00:16.920819
6270	2	2	0.0113	1	0:00:16.933835
6275	9	9	0.436	1	0:00:16.947755
6280	8	-1	0.0	0	0:00:16.928519
6285	8	8	0.152	1	0:00:16.926836
6290	9	-1	0.0	0	0:00:16.924462
6295	8	8	0.389	1	0:00:16.937123
6300	1	1	0.771	1	0:00:16.930124
6305	6	-1	0.0	0	0:00:16.921789
6310	5	5	0.953	1	0:00:16.945767
6315	6	-1	0.0	0	0:00:16.926175
6320	0	0	0.37	1	0:00:16.921657
6325	7	7	0.953	1	0:00:16.929386
6330	6	6	0.708	1	0:00:16.938099
6335	2	2	0.717	1	0:00:16.924902
6340	3	3	0.174	1	0:00:16.936566
6345	3	-1	0.0	0	0:00:16.941485
6350	0	0	0.953	1	0:00:16.925869
6355	0	0	0.788	1	0:00:16.939689
6360	2	2	0.247	1	0:00:16.918367
6365	7	7	0.562	1	0:00:16.946333
6370	6	-1	0.0	0	0:00:16.928319
6375	3	3	0.104	1	0:00:16.931384
6380	3	-1	0.0	0	0:00:16.942069
6385	5	5	0.476	1	0:00:16.924396
6390	7	7	0.953	1	0:00:16.942780
6395	8	8	0.849	1	0:00:16.923802
6400	0	0	0.541	1	0:00:16.921439
6405	1	1	0.179	1	0:00:16.941905
6410	1	1	0.953	1	0:00:16.911198
6415	1	1	0.333	1	0:00:16.913978
6420	7	7	0.935	1	0:00:16.946301
6425	2	2	0.417	1	0:00:16.928714
6430	1	-1	0.0	0	0:00:16.949157
6435	9	9	0.953	1	0:00:16.943933
6440	3	3	0.1	1	0:00:16.938173
6445	1	1	0.771	1	0:00:16.944792
6450	0	0	0.935	1	0:00:16.934946
6455	6	6	0.35	1	0:00:16.942970
6460	3	3	0.731	1	0:00:16.932501
6465	3	3	0.211	1	0:00:16.937251
6470	1	1	0.202	1	0:00:16.931428
6475	2	2	0.335	1	0:00:16.945850
6480	0	0	0.566	1	0:00:16.937697
6485	9	9	0.953	1	0:00:16.940318
6490	8	-1	0.0	0	0:00:16.955084
6495	7	7	0.793	1	0:00:16.948648
6500	7	-1	0.0	0	0:00:16.944952
6505	4	4	0.203	1	0:00:16.918993
6510	4	-1	0.0	0	0:00:16.955299
6515	2	2	0.309	1	0:00:16.960331
6520	6	6	0.186	1	0:00:16.947407
6525	3	3	0.43	1	0:00:16.958513
6530	3	3	0.221	1	0:00:16.959621
6535	5	5	0.63	1	0:00:16.961373
6540	8	8	0.451	1	0:00:16.962966
6545	9	0	0.509	0	0:00:16.923380
6550	1	1	0.773	1	0:00:16.917519
6555	1	1	0.953	1	0:00:16.941601
6560	6	6	0.0878	1	0:00:16.946650
6565	9	-1	0.0	0	0:00:16.957253
6570	9	9	0.538	1	0:00:16.924012
6575	3	3	0.201	1	0:00:16.934161
6580	1	1	0.116	1	0:00:16.953618
6585	1	1	0.935	1	0:00:16.934386
6590	5	7	0.197	0	0:00:16.949045
6595	2	2	0.667	1	0:00:16.930074
6600	7	7	0.953	1	0:00:16.942700
6605	6	6	0.286	1	0:00:16.941568
6610	8	8	0.905	1	0:00:16.949367
6615	7	7	0.858	1	0:00:16.922890
6620	7	7	0.953	1	0:00:16.929029
6625	4	4	0.142	1	0:00:16.940531
6630	7	7	0.922	1	0:00:16.926953
6635	6	-1	0.0	0	0:00:16.933842
6640	5	3	0.5	0	0:00:16.937829
6645	6	-1	0.0	0	0:00:16.933892
6650	0	0	0.454	1	0:00:16.944382
6655	1	1	0.382	1	0:00:16.962587
6660	0	0	0.734	1	0:00:16.906229
6665	4	-1	0.0	0	0:00:16.926236
6670	3	3	0.153	1	0:00:16.950730
6675	2	2	0.953	1	0:00:16.939089
6680	3	5	0.27	0	0:00:16.919118
6685	1	1	0.374	1	0:00:16.948917
6690	5	5	0.367	1	0:00:16.924913
6695	4	4	0.316	1	0:00:16.925304
6700	6	6	0.833	1	0:00:16.933812
6705	3	-1	0.0	0	0:00:16.966442
6710	3	3	0.614	1	0:00:16.939085
6715	2	2	0.108	1	0:00:16.940256
6720	2	2	0.304	1	0:00:16.936298
6725	8	8	0.953	1	0:00:16.944814
6730	8	8	0.484	1	0:00:16.927507
6735	9	9	0.74	1	0:00:16.927826
6740	2	2	0.0895	1	0:00:16.938252
6745	7	7	0.381	1	0:00:16.939512
6750	4	3	0.325	0	0:00:16.941650
6755	9	9	0.129	1	0:00:16.917823
6760	5	5	0.922	1	0:00:16.920549
6765	8	8	0.535	1	0:00:16.956341
6770	1	1	0.953	1	0:00:16.942728
6775	0	0	0.688	1	0:00:16.936204
6780	7	7	0.953	1	0:00:16.932510
6785	6	6	0.529	1	0:00:16.932970
6790	7	5	0.0882	0	0:00:16.940332
6795	9	9	0.63	1	0:00:16.944035
6800	6	-1	0.0	0	0:00:16.955340
6805	1	1	0.76	1	0:00:16.926613
6810	8	8	0.849	1	0:00:16.949861
6815	0	0	0.839	1	0:00:16.913473
6820	1	1	0.892	1	0:00:16.931915
6825	3	3	0.504	1	0:00:16.945262
6830	1	1	0.525	1	0:00:16.929571
6835	5	5	0.232	1	0:00:16.924228
6840	9	9	0.745	1	0:00:16.936423
6845	2	0	0.129	0	0:00:16.946782
6850	6	6	0.223	1	0:00:16.934375
6855	4	4	0.161	1	0:00:16.931752
6860	0	0	0.613	1	0:00:16.945803
6865	3	3	0.17	1	0:00:16.914753
6870	7	7	0.251	1	0:00:16.918949
6875	5	5	0.705	1	0:00:16.931033
6880	2	2	0.572	1	0:00:16.946538
6885	0	0	0.827	1	0:00:16.939989
6890	5	5	0.324	1	0:00:16.938469
6895	2	2	0.7	1	0:00:16.932714
6900	3	3	0.62	1	0:00:16.931864
6905	2	2	0.0808	1	0:00:16.933177
6910	7	7	0.418	1	0:00:16.925566
6915	1	1	0.727	1	0:00:16.916850
6920	5	4	0.199	0	0:00:16.926455
6925	2	2	0.886	1	0:00:16.941095
6930	2	0	0.835	0	0:00:16.913378
6935	7	7	0.332	1	0:00:16.932543
6940	1	1	0.953	1	0:00:16.938491
6945	5	5	0.0253	1	0:00:16.938054
6950	8	0	0.114	0	0:00:16.911051
6955	7	7	0.772	1	0:00:16.931419
6960	9	9	0.401	1	0:00:16.926094
6965	6	3	0.397	0	0:00:16.922967
6970	0	5	0.145	0	0:00:16.922895
6975	8	1	0.271	0	0:00:16.922976
6980	0	0	0.376	1	0:00:16.934271
6985	0	4	0.05	0	0:00:16.919967
6990	3	3	0.953	1	0:00:16.955246
6995	1	1	0.637	1	0:00:16.923348
7000	2	0	0.0756	0	0:00:16.926271
7005	1	1	0.121	1	0:00:16.923464
7010	0	0	0.739	1	0:00:16.924546
7015	3	3	0.34	1	0:00:16.924140
7020	7	7	0.953	1	0:00:16.931848
7025	6	6	0.877	1	0:00:16.936033
7030	8	8	0.351	1	0:00:16.960647
7035	1	9	0.455	0	0:00:16.933139
7040	7	-1	0.0	0	0:00:16.934273
7045	3	3	0.113	1	0:00:16.937088
7050	8	8	0.922	1	0:00:16.942192
7055	8	0	0.0129	0	0:00:16.942906
7060	8	8	0.922	1	0:00:16.956317
7065	2	2	0.01	1	0:00:16.929591
7070	7	7	0.771	1	0:00:16.945083
7075	9	9	0.922	1	0:00:16.929415
7080	5	4	0.174	0	0:00:16.929317
7085	5	5	0.0221	1	0:00:16.936433
7090	2	2	0.164	1	0:00:16.963015
7095	4	-1	0.0	0	0:00:16.943019
7100	9	3	0.352	0	0:00:16.938229
7105	3	3	0.579	1	0:00:16.946315
7110	3	3	0.258	1	0:00:16.934095
7115	0	0	0.953	1	0:00:16.946391
7120	7	7	0.312	1	0:00:16.950100
7125	5	5	0.349	1	0:00:16.961900
7130	6	6	0.8	1	0:00:16.994438
7135	4	4	0.561	1	0:00:16.956295
7140	4	4	0.145	1	0:00:16.931898
7145	3	3	0.736	1	0:00:16.927206
7150	3	3	0.109	1	0:00:16.932930
7155	9	9	0.69	1	0:00:16.927696
7160	5	5	0.684	1	0:00:16.953547
7165	0	0	0.557	1	0:00:16.912467
7170	9	9	0.805	1	0:00:16.927221
7175	7	7	0.597	1	0:00:16.912690
7180	6	6	0.442	1	0:00:16.904100
7185	8	8	0.387	1	0:00:16.892478
7190	2	2	0.624	1	0:00:16.895885
7195	7	7	0.127	1	0:00:16.911583
7200	4	4	0.104	1	0:00:16.918996
7205	6	-1	0.0	0	0:00:16.917719
7210	3	6	0.149	0	0:00:16.917775
7215	1	1	0.953	1	0:00:16.922313
7220	9	9	0.663	1	0:00:16.917434
7225	1	1	0.905	1	0:00:16.920541
7230	2	2	0.805	1	0:00:16.940996
7235	2	2	0.0898	1	0:00:16.948192
7240	0	0	0.411	1	0:00:16.945959
7245	4	4	0.542	1	0:00:16.964413
7250	8	8	0.643	1	0:00:16.938797
7255	3	3	0.0885	1	0:00:16.960596
7260	1	1	0.776	1	0:00:16.972458
7265	5	-1	0.0	0	0:00:16.936708
7270	9	9	0.378	1	0:00:16.930791
7275	3	-1	0.0	0	0:00:16.916380
7280	1	1	0.229	1	0:00:16.926088
7285	1	1	0.154	1	0:00:16.930242
7290	6	6	0.113	1	0:00:16.943053
7295	5	5	0.953	1	0:00:16.959625
7300	3	5	0.0345	0	0:00:16.967508
7305	6	6	0.164	1	0:00:16.966160
7310	3	5	0.112	0	0:00:16.985512
7315	0	0	0.134	1	0:00:16.985354
7320	8	0	0.105	0	0:00:16.983940
7325	4	4	0.741	1	0:00:16.989593
7330	5	-1	0.0	0	0:00:16.984211
7335	4	4	0.953	1	0:00:16.990779
7340	2	2	0.233	1	0:00:16.993559
7345	6	6	0.922	1	0:00:16.990855
7350	9	9	0.258	1	0:00:17.000286
7355	7	7	0.881	1	0:00:17.000775
7360	2	2	0.326	1	0:00:17.004215
7365	4	4	0.288	1	0:00:16.989842
7370	3	8	0.115	0	0:00:17.004480
7375	2	-1	0.0	0	0:00:17.003160
7380	7	7	0.842	1	0:00:16.994875
7385	9	9	0.953	1	0:00:17.002412
7390	6	6	0.122	1	0:00:17.013227
7395	2	5	0.0656	0	0:00:17.005084
7400	3	5	0.37	0	0:00:17.002552
7405	7	7	0.953	1	0:00:17.006532
7410	4	6	0.239	0	0:00:16.988919
7415	3	3	0.573	1	0:00:17.002837
7420	3	4	0.186	0	0:00:17.020646
7425	2	2	0.12	1	0:00:17.001967
7430	2	2	0.229	1	0:00:17.006745
7435	7	7	0.387	1	0:00:17.009007
7440	3	3	0.691	1	0:00:16.997174
7445	6	6	0.165	1	0:00:17.013813
7450	1	1	0.953	1	0:00:17.002421
7455	1	9	0.463	0	0:00:17.008304
7460	5	5	0.953	1	0:00:16.998549
7465	0	0	0.71	1	0:00:17.012210
7470	9	9	0.251	1	0:00:16.993711
7475	3	3	0.746	1	0:00:17.001097
7480	1	1	0.469	1	0:00:17.018911
7485	8	8	0.953	1	0:00:17.000396
7490	4	4	0.501	1	0:00:17.028100
7495	7	7	0.687	1	0:00:16.979114
7500	6	6	0.953	1	0:00:17.021318
7505	7	7	0.935	1	0:00:17.002933
7510	8	8	0.739	1	0:00:17.006906
7515	8	8	0.337	1	0:00:16.997330
7520	4	4	0.365	1	0:00:16.996393
7525	8	8	0.935	1	0:00:16.993403
7530	2	2	0.153	1	0:00:17.000997
7535	1	1	0.717	1	0:00:16.994118
7540	5	5	0.953	1	0:00:17.019195
7545	5	2	0.286	0	0:00:17.019680
7550	4	4	0.583	1	0:00:17.020911
7555	1	1	0.953	1	0:00:17.039021
7560	0	0	0.371	1	0:00:17.022899
7565	1	1	0.792	1	0:00:17.024378
7570	1	1	0.905	1	0:00:17.033880
7575	8	8	0.734	1	0:00:17.018793
7580	8	8	0.935	1	0:00:17.004047
7585	6	6	0.953	1	0:00:17.009311
7590	2	4	0.373	0	0:00:17.009139
7595	1	1	0.578	1	0:00:17.011990
7600	8	2	0.0596	0	0:00:17.000732
7605	2	-1	0.0	0	0:00:17.002235
7610	7	7	0.542	1	0:00:17.033222
7615	5	5	0.155	1	0:00:16.998189
7620	5	3	0.101	0	0:00:17.006534
7625	7	7	0.612	1	0:00:17.018517
7630	9	9	0.898	1	0:00:17.008649
7635	9	9	0.621	1	0:00:17.000216
7640	9	9	0.115	1	0:00:17.022846
7645	0	0	0.41	1	0:00:17.012509
7650	2	2	0.476	1	0:00:17.016097
7655	8	8	0.543	1	0:00:17.021319
7660	7	7	0.426	1	0:00:17.012008
7665	9	9	0.462	1	0:00:17.001007
7670	2	2	0.55	1	0:00:17.021821
7675	8	8	0.0389	1	0:00:17.019614
7680	3	5	0.0612	0	0:00:17.012000
7685	9	-1	0.0	0	0:00:17.020379
7690	6	6	0.551	1	0:00:17.007077
7695	8	8	0.473	1	0:00:17.000940
7700	6	6	0.905	1	0:00:17.006114
7705	7	5	0.11	0	0:00:17.001951
7710	9	9	0.953	1	0:00:17.004655
7715	1	1	0.953	1	0:00:17.009203
7720	5	2	0.00401	0	0:00:17.021253
7725	4	4	0.58	1	0:00:17.020396
7730	4	-1	0.0	0	0:00:17.008105
7735	4	3	0.292	0	0:00:16.991436
7740	4	4	0.301	1	0:00:17.007929
7745	7	7	0.729	1	0:00:17.026719
7750	3	4	0.33	0	0:00:17.012031
7755	7	7	0.935	1	0:00:17.007551
7760	2	0	0.142	0	0:00:17.014656
7765	8	8	0.905	1	0:00:17.010529
7770	9	9	0.953	1	0:00:17.007472
7775	2	2	0.294	1	0:00:17.013411
7780	3	-1	0.0	0	0:00:17.027000
7785	4	6	0.119	0	0:00:16.998013
7790	8	8	0.0195	1	0:00:17.017330
7795	5	6	0.00742	0	0:00:17.003768
7800	0	0	0.589	1	0:00:17.002266
7805	9	9	0.323	1	0:00:17.009258
7810	6	6	0.881	1	0:00:17.024701
7815	0	0	0.0993	1	0:00:17.035747
7820	5	5	0.179	1	0:00:17.007699
7825	3	3	0.953	1	0:00:17.017416
7830	2	-1	0.0	0	0:00:17.015333
7835	0	0	0.953	1	0:00:16.999944
7840	1	1	0.953	1	0:00:17.015410
7845	2	2	0.922	1	0:00:17.014009
7850	0	0	0.751	1	0:00:16.997620
7855	2	2	0.549	1	0:00:17.021121
7860	8	8	0.749	1	0:00:17.024993
7865	3	3	0.174	1	0:00:17.025136
7870	6	6	0.413	1	0:00:17.018931
7875	2	2	0.138	1	0:00:17.026005
7880	0	0	0.645	1	0:00:17.038107
7885	3	5	0.0977	0	0:00:17.037465
7890	6	6	0.559	1	0:00:17.020188
7895	4	6	0.121	0	0:00:17.026146
7900	0	-1	0.0	0	0:00:17.019834
7905	3	3	0.39	1	0:00:17.024884
7910	3	5	0.0403	0	0:00:17.030470
7915	3	3	0.713	1	0:00:17.041356
7920	9	9	0.873	1	0:00:17.019750
7925	0	0	0.827	1	0:00:17.035731
7930	2	2	0.538	1	0:00:17.026624
7935	7	7	0.375	1	0:00:17.024466
7940	2	2	0.0563	1	0:00:17.031441
7945	6	6	0.206	1	0:00:17.030635
7950	9	9	0.804	1	0:00:17.026260
7955	9	9	0.865	1	0:00:17.022938
7960	0	0	0.138	1	0:00:17.010068
7965	7	7	0.953	1	0:00:17.037277
7970	3	5	0.236	0	0:00:17.012660
7975	2	-1	0.0	0	0:00:17.031539
7980	3	3	0.322	1	0:00:17.014178
7985	5	5	0.105	1	0:00:17.022830
7990	0	0	0.24	1	0:00:17.025612
7995	8	8	0.898	1	0:00:17.001352
8000	9	9	0.745	1	0:00:17.010823
8005	1	1	0.953	1	0:00:17.023462
8010	2	-1	0.0	0	0:00:17.036272
8015	8	8	0.39	1	0:00:16.997897
8020	6	3	0.0202	0	0:00:17.011944
8025	5	5	0.63	1	0:00:17.038075
8030	2	2	0.668	1	0:00:17.008680
8035	1	1	0.746	1	0:00:17.019028
8040	2	2	0.705	1	0:00:17.018530
8045	5	5	0.72	1	0:00:17.022319
8050	7	7	0.821	1	0:00:17.022018
8055	2	2	0.0744	1	0:00:17.043501
8060	6	6	0.782	1	0:00:17.003900
8065	9	9	0.615	1	0:00:17.039997
8070	5	5	0.935	1	0:00:17.035174
8075	8	8	0.693	1	0:00:16.987788
8080	4	4	0.234	1	0:00:16.983957
8085	2	2	0.491	1	0:00:16.978085
8090	6	6	0.067	1	0:00:16.991366
8095	2	2	0.774	1	0:00:17.002752
8100	6	2	0.0158	0	0:00:16.984980
8105	0	0	0.473	1	0:00:16.985950
8110	5	6	0.497	0	0:00:16.988642
8115	5	5	0.197	1	0:00:16.959123
8120	8	8	0.00333	1	0:00:16.978980
8125	8	8	0.792	1	0:00:16.974837
8130	6	6	0.417	1	0:00:16.982200
8135	7	3	0.3	0	0:00:16.961251
8140	5	7	0.0374	0	0:00:16.956280
8145	9	-1	0.0	0	0:00:16.970300
8150	6	6	0.953	1	0:00:16.960738
8155	1	1	0.953	1	0:00:16.962877
8160	6	6	0.953	1	0:00:16.948582
8165	1	1	0.59	1	0:00:16.944701
8170	5	5	0.709	1	0:00:16.960294
8175	3	-1	0.0	0	0:00:16.952766
8180	4	4	0.238	1	0:00:16.978937
8185	0	0	0.811	1	0:00:16.949160
8190	4	6	0.126	0	0:00:16.982529
8195	8	8	0.835	1	0:00:16.950249
8200	3	-1	0.0	0	0:00:16.969342
8205	2	2	0.759	1	0:00:16.953311
8210	0	0	0.922	1	0:00:16.956615
8215	1	1	0.648	1	0:00:16.974365
8220	6	5	0.0175	0	0:00:16.972599
8225	9	9	0.158	1	0:00:16.943967
8230	0	0	0.382	1	0:00:16.954992
8235	7	7	0.953	1	0:00:16.952496
8240	7	7	0.574	1	0:00:16.952353
8245	3	5	0.115	0	0:00:16.943635
8250	6	6	0.898	1	0:00:16.964532
8255	9	9	0.935	1	0:00:16.980123
8260	1	1	0.953	1	0:00:16.943321
8265	0	0	0.842	1	0:00:16.952828
8270	6	6	0.898	1	0:00:16.967048
8275	3	-1	0.0	0	0:00:16.943410
8280	4	4	0.869	1	0:00:16.966111
8285	9	9	0.463	1	0:00:16.961565
8290	8	8	0.136	1	0:00:16.943196
8295	3	3	0.0971	1	0:00:16.969978
8300	5	-1	0.0	0	0:00:16.944748
8305	4	4	0.199	1	0:00:16.963530
8310	3	3	0.419	1	0:00:16.948485
8315	6	6	0.0691	1	0:00:16.947621
8320	7	7	0.272	1	0:00:16.942742
8325	8	-1	0.0	0	0:00:16.958114
8330	5	5	0.886	1	0:00:16.949944
8335	7	3	0.0333	0	0:00:16.942421
8340	5	5	0.102	1	0:00:16.948994
8345	9	9	0.26	1	0:00:16.951300
8350	9	9	0.363	1	0:00:16.952577
8355	9	9	0.953	1	0:00:16.949295
8360	7	7	0.953	1	0:00:16.951370
8365	6	6	0.953	1	0:00:16.937955
8370	4	4	0.223	1	0:00:16.943954
8375	4	4	0.102	1	0:00:16.952728
8380	9	9	0.953	1	0:00:16.951195
8385	9	1	0.0652	0	0:00:16.929345
8390	1	1	0.804	1	0:00:16.954978
8395	1	1	0.588	1	0:00:16.937098
8400	0	0	0.169	1	0:00:16.948526
8405	0	-1	0.0	0	0:00:16.954431
8410	5	3	0.00758	0	0:00:16.955572
8415	0	0	0.886	1	0:00:16.928931
8420	3	6	0.574	0	0:00:16.958947
8425	6	2	0.177	0	0:00:16.952276
8430	9	9	0.922	1	0:00:16.944909
8435	3	3	0.257	1	0:00:16.952178
8440	5	5	0.14	1	0:00:16.948323
8445	1	1	0.723	1	0:00:16.948818
8450	9	-1	0.0	0	0:00:16.940726
8455	1	1	0.953	1	0:00:16.933092
8460	8	8	0.759	1	0:00:16.956818
8465	9	9	0.552	1	0:00:16.955142
8470	8	8	0.741	1	0:00:16.961160
8475	9	9	0.326	1	0:00:16.948763
8480	2	2	0.36	1	0:00:16.965595
8485	0	0	0.953	1	0:00:16.944326
8490	3	5	0.424	0	0:00:16.951429
8495	1	1	0.869	1	0:00:16.932781
8500	4	4	0.641	1	0:00:16.948857
8505	5	5	0.337	1	0:00:16.960335
8510	7	7	0.953	1	0:00:16.951295
8515	8	8	0.935	1	0:00:16.940212
8520	8	8	0.412	1	0:00:16.946404
8525	3	3	0.167	1	0:00:16.957771
8530	8	8	0.737	1	0:00:16.947851
8535	7	5	0.406	0	0:00:16.965092
8540	4	4	0.0105	1	0:00:16.951293
8545	6	6	0.258	1	0:00:16.972702
8550	1	1	0.764	1	0:00:16.949529
8555	5	5	0.176	1	0:00:16.965831
8560	7	7	0.935	1	0:00:16.963948
8565	7	7	0.877	1	0:00:16.968573
8570	6	6	0.28	1	0:00:16.966423
8575	9	9	0.519	1	0:00:16.955668
8580	3	5	0.242	0	0:00:16.966815
8585	9	9	0.419	1	0:00:16.958887
8590	0	0	0.584	1	0:00:16.939060
8595	1	1	0.842	1	0:00:16.972731
8600	3	-1	0.0	0	0:00:16.967571
8605	6	6	0.913	1	0:00:16.953244
8610	2	2	0.104	1	0:00:16.983617
8615	9	9	0.953	1	0:00:16.974546
8620	3	-1	0.0	0	0:00:16.976321
8625	5	5	0.411	1	0:00:16.967702
8630	5	5	0.677	1	0:00:16.954667
8635	6	6	0.341	1	0:00:16.977762
8640	1	1	0.578	1	0:00:16.958992
8645	1	1	0.683	1	0:00:16.966050
8650	2	2	0.09	1	0:00:16.977890
8655	8	8	0.922	1	0:00:16.974645
8660	7	7	0.679	1	0:00:16.959695
8665	3	3	0.392	1	0:00:16.958806
8670	9	-1	0.0	0	0:00:16.956625
8675	7	7	0.235	1	0:00:16.965127
8680	3	3	0.00384	1	0:00:16.965727
8685	7	7	0.571	1	0:00:16.964221
8690	8	8	0.203	1	0:00:16.958286
8695	4	4	0.353	1	0:00:16.964514
8700	3	3	0.554	1	0:00:16.960548
8705	6	6	0.473	1	0:00:16.960731
8710	7	7	0.209	1	0:00:16.956015
8715	2	2	0.469	1	0:00:16.962200
8720	2	0	0.892	0	0:00:16.940402
8725	8	8	0.611	1	0:00:16.946201
8730	2	-1	0.0	0	0:00:16.970877
8735	3	3	0.0485	1	0:00:16.944909
8740	2	2	0.251	1	0:00:16.965617
8745	5	5	0.886	1	0:00:16.957613
8750	9	9	0.953	1	0:00:16.962044
8755	6	6	0.59	1	0:00:16.951793
8760	8	8	0.953	1	0:00:16.958650
8765	2	2	0.466	1	0:00:16.954479
8770	6	6	0.335	1	0:00:16.957754
8775	1	3	0.0361	0	0:00:16.933466
8780	4	4	0.256	1	0:00:16.950213
8785	8	8	0.435	1	0:00:16.947970
8790	0	5	0.0482	0	0:00:16.928136
8795	0	0	0.873	1	0:00:16.926994
8800	0	0	0.953	1	0:00:16.941489
8805	9	9	0.953	1	0:00:16.945636
8810	2	3	0.185	0	0:00:16.954046
8815	3	5	0.849	0	0:00:16.957628
8820	2	2	0.953	1	0:00:16.941303
8825	0	8	0.0168	0	0:00:16.928096
8830	9	9	0.833	1	0:00:16.936640
8835	7	7	0.801	1	0:00:16.938062
8840	2	2	0.129	1	0:00:16.941503
8845	2	2	0.953	1	0:00:16.938646
8850	1	9	0.0386	0	0:00:16.956865
8855	4	-1	0.0	0	0:00:16.942464
8860	2	2	0.898	1	0:00:16.943328
8865	7	7	0.352	1	0:00:16.932645
8870	5	5	0.594	1	0:00:16.962139
8875	8	8	0.644	1	0:00:16.947047
8880	1	1	0.781	1	0:00:16.932071
8885	3	3	0.186	1	0:00:16.949565
8890	8	8	0.771	1	0:00:16.938274
8895	0	0	0.898	1	0:00:16.964457
8900	2	4	0.189	0	0:00:16.934328
8905	8	8	0.488	1	0:00:16.934047
8910	1	1	0.0632	1	0:00:16.940446
8915	9	9	0.807	1	0:00:16.950642
8920	6	6	0.562	1	0:00:16.934494
8925	0	0	0.597	1	0:00:16.938654
8930	3	3	0.385	1	0:00:16.953773
8935	0	0	0.592	1	0:00:16.937671
8940	6	3	0.39	0	0:00:16.920492
8945	1	1	0.658	1	0:00:16.926082
8950	9	9	0.953	1	0:00:16.931829
8955	1	1	0.102	1	0:00:16.947695
8960	0	0	0.0621	1	0:00:16.919282
8965	4	4	0.0207	1	0:00:16.945185
8970	0	0	0.953	1	0:00:16.933860
8975	8	8	0.953	1	0:00:16.931128
8980	9	9	0.953	1	0:00:16.943066
8985	9	0	0.25	0	0:00:16.946537
8990	1	1	0.953	1	0:00:16.930220
8995	9	9	0.624	1	0:00:16.938411
9000	8	8	0.953	1	0:00:16.941891
9005	5	5	0.785	1	0:00:16.951378
9010	8	8	0.0885	1	0:00:16.943029
9015	8	8	0.355	1	0:00:16.937810
9020	7	7	0.81	1	0:00:16.958820
9025	5	5	0.504	1	0:00:16.956742
9030	2	2	0.502	1	0:00:16.944139
9035	4	5	0.0147	0	0:00:16.959713
9040	2	5	0.708	0	0:00:16.951336
9045	0	0	0.953	1	0:00:16.946670
9050	5	3	0.399	0	0:00:16.948518
9055	6	6	0.953	1	0:00:16.957591
9060	9	9	0.463	1	0:00:16.927880
9065	0	0	0.455	1	0:00:16.959016
9070	2	2	0.652	1	0:00:16.978429
9075	0	0	0.711	1	0:00:16.943098
9080	3	3	0.183	1	0:00:16.947682
9085	9	9	0.183	1	0:00:16.931236
9090	2	2	0.134	1	0:00:16.956223
9095	5	5	0.367	1	0:00:16.948796
9100	9	1	0.232	0	0:00:16.964423
9105	8	8	0.0994	1	0:00:16.932645
9110	1	1	0.935	1	0:00:16.955862
9115	8	8	0.953	1	0:00:16.939616
9120	3	-1	0.0	0	0:00:16.954936
9125	1	1	0.512	1	0:00:16.957055
9130	8	8	0.548	1	0:00:16.947490
9135	7	7	0.563	1	0:00:16.958869
9140	7	7	0.45	1	0:00:16.958111
9145	1	1	0.34	1	0:00:16.960580
9150	6	6	0.584	1	0:00:16.964663
9155	5	5	0.531	1	0:00:16.960586
9160	5	3	0.187	0	0:00:16.950301
9165	4	4	0.543	1	0:00:16.963696
9170	0	0	0.318	1	0:00:16.957594
9175	8	8	0.953	1	0:00:16.950578
9180	5	5	0.953	1	0:00:16.961379
9185	1	1	0.304	1	0:00:16.955396
9190	3	5	0.255	0	0:00:16.952088
9195	6	6	0.623	1	0:00:16.957270
9200	8	8	0.811	1	0:00:16.949505
9205	4	4	0.311	1	0:00:16.942473
9210	7	7	0.615	1	0:00:16.950165
9215	5	5	0.0613	1	0:00:16.968371
9220	8	8	0.819	1	0:00:16.946859
9225	5	3	0.0426	0	0:00:16.954659
9230	2	-1	0.0	0	0:00:16.942771
9235	0	0	0.785	1	0:00:16.949543
9240	8	8	0.471	1	0:00:16.962145
9245	1	1	0.953	1	0:00:16.947712
9250	3	5	0.371	0	0:00:16.969127
9255	3	3	0.825	1	0:00:16.962712
9260	5	5	0.32	1	0:00:16.941672
9265	1	1	0.424	1	0:00:16.973909
9270	9	9	0.827	1	0:00:16.950466
9275	8	8	0.701	1	0:00:16.961466
9280	9	8	0.0561	0	0:00:16.950593
9285	8	8	0.783	1	0:00:16.936188
9290	4	4	0.585	1	0:00:16.948259
9295	3	3	0.466	1	0:00:16.955753
9300	5	-1	0.0	0	0:00:16.958521
9305	5	4	0.116	0	0:00:16.957607
9310	3	6	0.122	0	0:00:16.955785
9315	7	7	0.292	1	0:00:16.961722
9320	9	9	0.898	1	0:00:16.943011
9325	6	6	0.233	1	0:00:16.965711
9330	4	4	0.293	1	0:00:16.955067
9335	4	4	0.922	1	0:00:16.953797
9340	1	1	0.953	1	0:00:16.941978
9345	1	1	0.314	1	0:00:16.952628
9350	6	6	0.143	1	0:00:16.944342
9355	6	6	0.063	1	0:00:16.966801
9360	5	0	0.118	0	0:00:16.956402
9365	6	6	0.81	1	0:00:16.969805
9370	8	9	0.0578	0	0:00:16.976345
9375	3	-1	0.0	0	0:00:16.960989
9380	5	3	0.0583	0	0:00:16.971150
9385	7	5	0.177	0	0:00:16.948457
9390	7	7	0.755	1	0:00:16.985119
9395	7	7	0.953	1	0:00:16.958035
9400	6	6	0.953	1	0:00:16.949316
9405	8	8	0.736	1	0:00:16.950810
9410	5	5	0.892	1	0:00:16.939492
9415	0	4	0.264	0	0:00:16.958549
9420	5	5	0.768	1	0:00:16.963093
9425	6	6	0.238	1	0:00:16.950900
9430	6	6	0.18	1	0:00:16.948520
9435	2	2	0.488	1	0:00:16.946815
9440	8	8	0.566	1	0:00:16.957603
9445	9	7	0.558	0	0:00:16.957707
9450	6	6	0.304	1	0:00:16.953068
9455	1	1	0.953	1	0:00:16.957604
9460	3	3	0.14	1	0:00:16.968543
9465	5	5	0.337	1	0:00:16.954997
9470	9	9	0.935	1	0:00:16.922503
9475	2	2	0.165	1	0:00:16.940637
9480	2	2	0.179	1	0:00:16.971785
9485	7	7	0.373	1	0:00:16.944096
9490	8	8	0.385	1	0:00:16.947227
9495	0	1	0.783	0	0:00:16.914591
9500	9	9	0.639	1	0:00:16.951458
9505	3	3	0.0661	1	0:00:16.954134
9510	1	1	0.499	1	0:00:16.967411
9515	0	9	0.0631	0	0:00:16.952962
9520	1	1	0.719	1	0:00:16.953736
9525	2	2	0.499	1	0:00:16.975691
9530	6	6	0.953	1	0:00:16.943519
9535	1	9	0.0509	0	0:00:16.941862
9540	5	5	0.657	1	0:00:16.940287
9545	9	9	0.953	1	0:00:16.953240
9550	6	6	0.818	1	0:00:16.939230
9555	4	4	0.542	1	0:00:16.953662
9560	9	7	0.123	0	0:00:16.965294
9565	0	0	0.753	1	0:00:16.942573
9570	7	7	0.953	1	0:00:16.941912
9575	5	5	0.524	1	0:00:16.938097
9580	1	1	0.935	1	0:00:16.963148
9585	4	4	0.807	1	0:00:16.960517
9590	0	-1	0.0	0	0:00:16.945775
9595	7	7	0.438	1	0:00:16.974121
9600	8	8	0.318	1	0:00:16.934544
9605	5	5	0.146	1	0:00:16.952041
9610	4	4	0.554	1	0:00:16.949833
9615	6	6	0.466	1	0:00:16.948708
9620	4	4	0.351	1	0:00:16.949085
9625	2	2	0.224	1	0:00:16.955559
9630	6	6	0.382	1	0:00:16.950440
9635	7	4	0.245	0	0:00:16.965875
9640	5	5	0.357	1	0:00:16.964392
9645	1	1	0.953	1	0:00:16.978314
9650	8	8	0.804	1	0:00:16.966943
9655	8	8	0.73	1	0:00:16.960645
9660	6	6	0.892	1	0:00:16.986265
9665	3	5	0.169	0	0:00:16.962677
9670	1	1	0.715	1	0:00:16.988804
9675	4	4	0.464	1	0:00:16.966786
9680	8	8	0.849	1	0:00:16.956053
9685	0	0	0.112	1	0:00:16.968243
9690	4	2	0.16	0	0:00:16.963449
9695	0	0	0.905	1	0:00:16.951308
9700	0	0	0.699	1	0:00:16.952848
9705	6	6	0.108	1	0:00:16.958526
9710	7	7	0.513	1	0:00:16.949032
9715	4	4	0.302	1	0:00:16.937233
9720	8	-1	0.0	0	0:00:16.944307
9725	8	8	0.284	1	0:00:16.960589
9730	6	6	0.556	1	0:00:16.972908
9735	6	-1	0.0	0	0:00:16.947534
9740	3	6	0.219	0	0:00:16.953491
9745	3	3	0.676	1	0:00:16.917522
9750	2	2	0.0058	1	0:00:16.828125
9755	3	2	0.124	0	0:00:16.765242
9760	9	-1	0.0	0	0:00:16.712075
9765	4	4	0.953	1	0:00:16.638286
9770	4	-1	0.0	0	0:00:16.596555
9775	9	9	0.953	1	0:00:16.554028
9780	4	4	0.195	1	0:00:16.549337
9785	8	8	0.344	1	0:00:16.509720
9790	8	8	0.27	1	0:00:16.482495
9795	4	4	0.0375	1	0:00:16.468441
9800	1	1	0.953	1	0:00:16.459838
9805	2	0	0.216	0	0:00:16.449551
9810	8	8	0.48	1	0:00:16.444249
9815	5	2	0.0695	0	0:00:16.444165
9820	0	8	0.0373	0	0:00:16.438067
9825	2	2	0.113	1	0:00:16.430911
9830	1	1	0.235	1	0:00:16.413126
9835	7	7	0.881	1	0:00:16.426393
9840	4	7	0.561	0	0:00:16.420090
9845	9	9	0.46	1	0:00:16.429093
9850	7	4	0.358	0	0:00:16.405143
9855	7	7	0.438	1	0:00:16.417583
9860	0	-1	0.0	0	0:00:16.409813
9865	1	1	0.593	1	0:00:16.399053
9870	2	2	0.424	1	0:00:16.415823
9875	9	9	0.0672	1	0:00:16.424229
9880	7	7	0.076	1	0:00:16.413064
9885	8	8	0.81	1	0:00:16.391731
9890	0	0	0.905	1	0:00:16.405567
9895	4	4	0.779	1	0:00:16.410998
9900	8	8	0.913	1	0:00:16.404997
9905	1	1	0.777	1	0:00:16.410058
9910	4	4	0.419	1	0:00:16.407049
9915	2	2	0.935	1	0:00:16.408605
9920	6	6	0.953	1	0:00:16.416308
9925	4	4	0.632	1	0:00:16.402101
9930	8	3	0.272	0	0:00:16.414814
9935	1	1	0.881	1	0:00:16.409278
9940	4	4	0.0445	1	0:00:16.417644
9945	7	7	0.865	1	0:00:16.405721
9950	3	4	0.144	0	0:00:16.401514
9955	8	8	0.873	1	0:00:16.406673
9960	2	0	0.892	0	0:00:16.422492
9965	2	4	0.257	0	0:00:16.411700
9970	2	4	0.302	0	0:00:16.406882
9975	7	7	0.922	1	0:00:16.426493
9980	0	0	0.953	1	0:00:16.408322
9985	5	5	0.3	1	0:00:16.416362
9990	7	7	0.953	1	0:00:16.421442
9995	8	8	0.657	1	0:00:16.415113
