idx	label	predict	radius	correct	time
0	3	3	0.297	1	0:00:15.594351
5	6	6	0.596	1	0:00:15.519667
10	0	0	0.124	1	0:00:15.650478
15	8	8	0.839	1	0:00:15.774794
20	7	7	0.32	1	0:00:15.865841
25	2	2	0.635	1	0:00:15.943750
30	6	6	0.453	1	0:00:15.996895
35	2	3	0.0312	0	0:00:16.215049
40	4	4	0.212	1	0:00:16.357805
45	9	9	0.935	1	0:00:16.329125
50	9	9	0.549	1	0:00:16.481021
55	8	8	0.387	1	0:00:16.556987
60	7	7	0.922	1	0:00:16.615284
65	2	2	0.35	1	0:00:16.688674
70	2	-1	0.0	0	0:00:16.726154
75	2	2	0.26	1	0:00:16.750192
80	8	8	0.775	1	0:00:16.782234
85	5	7	0.831	0	0:00:16.799683
90	0	0	0.557	1	0:00:16.817768
95	6	6	0.314	1	0:00:16.858509
100	4	5	0.062	0	0:00:16.860274
105	1	1	0.953	1	0:00:16.863504
110	4	4	0.0873	1	0:00:16.881770
115	3	3	0.415	1	0:00:16.896486
120	8	8	0.143	1	0:00:16.902260
125	0	2	0.169	0	0:00:16.905049
130	4	2	0.133	0	0:00:16.898533
135	2	2	0.2	1	0:00:16.892162
140	6	6	0.0794	1	0:00:16.882836
145	7	7	0.286	1	0:00:16.872950
150	8	8	0.463	1	0:00:16.854198
155	5	5	0.44	1	0:00:16.853966
160	2	2	0.439	1	0:00:16.860703
165	4	2	0.196	0	0:00:16.841486
170	9	9	0.383	1	0:00:16.828861
175	9	9	0.898	1	0:00:16.823467
180	0	0	0.732	1	0:00:16.834581
185	8	8	0.953	1	0:00:16.801045
190	5	5	0.0197	1	0:00:16.823858
195	2	2	0.142	1	0:00:16.792392
200	5	5	0.518	1	0:00:16.795899
205	3	3	0.421	1	0:00:16.805848
210	7	5	0.232	0	0:00:16.789503
215	0	0	0.231	1	0:00:16.780473
220	7	7	0.377	1	0:00:16.803018
225	9	9	0.631	1	0:00:16.792090
230	5	5	0.935	1	0:00:16.783437
235	0	0	0.953	1	0:00:16.781945
240	1	1	0.953	1	0:00:16.780721
245	3	-1	0.0	0	0:00:16.789088
250	5	5	0.0719	1	0:00:16.789749
255	0	-1	0.0	0	0:00:16.782519
260	8	8	0.208	1	0:00:16.772655
265	8	8	0.953	1	0:00:16.761211
270	2	4	0.357	0	0:00:16.770146
275	5	5	0.479	1	0:00:16.774008
280	9	9	0.371	1	0:00:16.784067
285	9	9	0.953	1	0:00:16.778527
290	1	1	0.953	1	0:00:16.778812
295	4	-1	0.0	0	0:00:16.771619
300	6	6	0.922	1	0:00:16.768769
305	1	1	0.881	1	0:00:16.771579
310	8	8	0.43	1	0:00:16.769769
315	0	0	0.819	1	0:00:16.777193
320	3	5	0.0637	0	0:00:16.780149
325	1	1	0.0402	1	0:00:16.762466
330	1	1	0.953	1	0:00:16.769044
335	9	9	0.14	1	0:00:16.771146
340	2	4	0.148	0	0:00:16.762127
345	5	5	0.898	1	0:00:16.769588
350	9	9	0.527	1	0:00:16.767894
355	7	7	0.057	1	0:00:16.786189
360	9	9	0.675	1	0:00:16.768385
365	4	7	0.154	0	0:00:16.768816
370	4	4	0.208	1	0:00:16.769872
375	7	7	0.591	1	0:00:16.760787
380	6	6	0.462	1	0:00:16.767100
385	8	0	0.209	0	0:00:16.762123
390	1	1	0.935	1	0:00:16.771996
395	6	6	0.427	1	0:00:16.770760
400	9	9	0.935	1	0:00:16.758876
405	4	-1	0.0	0	0:00:16.773383
410	7	7	0.481	1	0:00:16.764424
415	9	9	0.865	1	0:00:16.769187
420	4	4	0.585	1	0:00:16.772605
425	9	9	0.953	1	0:00:16.772040
430	2	4	0.332	0	0:00:16.774186
435	7	7	0.255	1	0:00:16.779643
440	1	1	0.633	1	0:00:16.785697
445	7	-1	0.0	0	0:00:16.778134
450	2	2	0.108	1	0:00:16.776171
455	4	2	0.326	0	0:00:16.781677
460	5	5	0.635	1	0:00:16.773000
465	4	6	0.179	0	0:00:16.776955
470	3	3	0.0691	1	0:00:16.772650
475	7	7	0.672	1	0:00:16.776436
480	8	8	0.143	1	0:00:16.773453
485	9	-1	0.0	0	0:00:16.778003
490	1	1	0.922	1	0:00:16.774006
495	8	8	0.641	1	0:00:16.766348
500	4	6	0.182	0	0:00:16.782470
505	4	4	0.229	1	0:00:16.777058
510	5	5	0.877	1	0:00:16.776723
515	3	3	0.177	1	0:00:16.768376
520	5	5	0.346	1	0:00:16.776536
525	5	6	0.096	0	0:00:16.774727
530	9	9	0.627	1	0:00:16.768924
535	6	6	0.606	1	0:00:16.776614
540	1	1	0.922	1	0:00:16.773120
545	9	9	0.672	1	0:00:16.767883
550	5	-1	0.0	0	0:00:16.759123
555	4	8	0.123	0	0:00:16.771405
560	0	0	0.953	1	0:00:16.765083
565	3	5	0.686	0	0:00:16.775686
570	6	6	0.501	1	0:00:16.789319
575	6	6	0.311	1	0:00:16.785066
580	4	4	0.399	1	0:00:16.762232
585	9	9	0.32	1	0:00:16.771013
590	6	6	0.621	1	0:00:16.768499
595	4	4	0.318	1	0:00:16.769835
600	8	8	0.673	1	0:00:16.766843
605	6	6	0.953	1	0:00:16.776917
610	6	6	0.348	1	0:00:16.765662
615	8	8	0.0449	1	0:00:16.769761
620	7	7	0.716	1	0:00:16.771119
625	9	9	0.581	1	0:00:16.762641
630	2	8	0.101	0	0:00:16.768565
635	6	6	0.49	1	0:00:16.759013
640	5	5	0.0582	1	0:00:16.774987
645	1	1	0.831	1	0:00:16.764461
650	3	3	0.434	1	0:00:16.769998
655	2	4	0.905	0	0:00:16.770565
660	9	9	0.51	1	0:00:16.765892
665	8	-1	0.0	0	0:00:16.777402
670	6	6	0.668	1	0:00:16.777903
675	0	0	0.247	1	0:00:16.768364
680	9	1	0.196	0	0:00:16.772284
685	6	2	0.268	0	0:00:16.774729
690	3	4	0.151	0	0:00:16.767136
695	3	4	0.0402	0	0:00:16.783435
700	7	7	0.676	1	0:00:16.768871
705	4	4	0.317	1	0:00:16.770885
710	6	2	0.0441	0	0:00:16.776526
715	3	5	0.306	0	0:00:16.769072
720	4	4	0.0218	1	0:00:16.769899
725	2	8	0.0923	0	0:00:16.778040
730	4	-1	0.0	0	0:00:16.777364
735	4	2	0.0166	0	0:00:16.768571
740	2	5	0.573	0	0:00:16.782942
745	7	7	0.378	1	0:00:16.769728
750	9	9	0.935	1	0:00:16.776249
755	2	4	0.271	0	0:00:16.758191
760	3	3	0.194	1	0:00:16.782596
765	2	2	0.823	1	0:00:16.773706
770	6	-1	0.0	0	0:00:16.784230
775	2	4	0.145	0	0:00:16.768201
780	9	9	0.31	1	0:00:16.783541
785	0	0	0.135	1	0:00:16.781441
790	3	0	0.953	0	0:00:16.779118
795	7	7	0.147	1	0:00:16.777494
800	7	7	0.953	1	0:00:16.772832
805	4	4	0.247	1	0:00:16.768686
810	5	5	0.0246	1	0:00:16.781292
815	8	8	0.829	1	0:00:16.772979
820	6	-1	0.0	0	0:00:16.791322
825	3	6	0.0789	0	0:00:16.777452
830	1	1	0.488	1	0:00:16.779853
835	4	4	0.175	1	0:00:16.778912
840	7	7	0.953	1	0:00:16.769323
845	3	-1	0.0	0	0:00:16.774002
850	7	7	0.0909	1	0:00:16.774914
855	7	7	0.862	1	0:00:16.778537
860	4	4	0.0966	1	0:00:16.777187
865	1	1	0.814	1	0:00:16.785622
870	3	3	0.153	1	0:00:16.758660
875	8	8	0.953	1	0:00:16.773666
880	8	8	0.589	1	0:00:16.764798
885	0	0	0.618	1	0:00:16.772635
890	4	-1	0.0	0	0:00:16.761885
895	1	1	0.089	1	0:00:16.773819
900	2	6	0.0505	0	0:00:16.764490
905	7	-1	0.0	0	0:00:16.765511
910	5	5	0.119	1	0:00:16.771950
915	1	1	0.953	1	0:00:16.771515
920	6	6	0.321	1	0:00:16.766784
925	5	3	0.816	0	0:00:16.762113
930	4	4	0.222	1	0:00:16.755207
935	2	2	0.65	1	0:00:16.754103
940	9	9	0.922	1	0:00:16.773277
945	3	-1	0.0	0	0:00:16.760070
950	3	3	0.394	1	0:00:16.770041
955	7	7	0.615	1	0:00:16.772583
960	9	9	0.953	1	0:00:16.773183
965	6	2	0.0603	0	0:00:16.759924
970	9	9	0.354	1	0:00:16.767215
975	0	0	0.721	1	0:00:16.761855
980	2	4	0.0134	0	0:00:16.768238
985	8	8	0.953	1	0:00:16.764093
990	1	1	0.626	1	0:00:16.762250
995	3	-1	0.0	0	0:00:16.767009
1000	5	5	0.953	1	0:00:16.763791
1005	1	1	0.578	1	0:00:16.759730
1010	0	0	0.953	1	0:00:16.767942
1015	4	4	0.319	1	0:00:16.766728
1020	1	1	0.953	1	0:00:16.771570
1025	5	5	0.0932	1	0:00:16.760759
1030	3	3	0.648	1	0:00:16.766093
1035	6	6	0.134	1	0:00:16.764190
1040	7	5	0.416	0	0:00:16.773322
1045	5	5	0.336	1	0:00:16.765608
1050	3	0	0.295	0	0:00:16.777597
1055	5	5	0.935	1	0:00:16.769009
1060	9	9	0.953	1	0:00:16.772319
1065	3	9	0.038	0	0:00:16.771557
1070	3	3	0.253	1	0:00:16.770444
1075	8	0	0.0185	0	0:00:16.772851
1080	6	6	0.487	1	0:00:16.771040
1085	4	4	0.881	1	0:00:16.768297
1090	0	0	0.701	1	0:00:16.772549
1095	2	2	0.261	1	0:00:16.781537
1100	7	-1	0.0	0	0:00:16.778844
1105	4	3	0.336	0	0:00:16.787306
1110	2	2	0.953	1	0:00:16.783212
1115	1	1	0.433	1	0:00:16.772133
1120	5	2	0.131	0	0:00:16.778660
1125	6	6	0.624	1	0:00:16.769666
1130	7	0	0.0974	0	0:00:16.765967
1135	6	6	0.413	1	0:00:16.777524
1140	6	6	0.263	1	0:00:16.782596
1145	4	4	0.0712	1	0:00:16.791208
1150	2	7	0.25	0	0:00:16.770681
1155	9	9	0.249	1	0:00:16.775746
1160	8	8	0.203	1	0:00:16.776901
1165	0	0	0.808	1	0:00:16.770236
1170	7	7	0.858	1	0:00:16.776433
1175	9	9	0.594	1	0:00:16.776969
1180	3	3	0.881	1	0:00:16.766440
1185	1	8	0.291	0	0:00:16.770099
1190	1	1	0.777	1	0:00:16.771487
1195	6	6	0.935	1	0:00:16.780350
1200	8	8	0.626	1	0:00:16.775815
1205	8	8	0.657	1	0:00:16.764837
1210	0	0	0.953	1	0:00:16.779441
1215	7	7	0.81	1	0:00:16.777735
1220	9	3	0.0813	0	0:00:16.778040
1225	6	6	0.271	1	0:00:16.772170
1230	5	3	0.831	0	0:00:16.771641
1235	5	5	0.518	1	0:00:16.775322
1240	2	6	0.611	0	0:00:16.769126
1245	6	6	0.132	1	0:00:16.769253
1250	7	7	0.345	1	0:00:16.775396
1255	4	4	0.668	1	0:00:16.775766
1260	1	9	0.119	0	0:00:16.778689
1265	9	1	0.607	0	0:00:16.779026
1270	1	1	0.526	1	0:00:16.784422
1275	3	-1	0.0	0	0:00:16.785355
1280	3	5	0.159	0	0:00:16.777472
1285	9	9	0.0309	1	0:00:16.769471
1290	5	5	0.56	1	0:00:16.786926
1295	0	0	0.922	1	0:00:16.761616
1300	4	3	0.211	0	0:00:16.765274
1305	9	9	0.251	1	0:00:16.778298
1310	0	0	0.847	1	0:00:16.776653
1315	4	4	0.249	1	0:00:16.771861
1320	7	7	0.28	1	0:00:16.775048
1325	2	2	0.0692	1	0:00:16.777733
1330	2	-1	0.0	0	0:00:16.777300
1335	1	1	0.922	1	0:00:16.768407
1340	1	1	0.632	1	0:00:16.761019
1345	4	4	0.108	1	0:00:16.768789
1350	4	-1	0.0	0	0:00:16.768660
1355	5	3	0.0525	0	0:00:16.774698
1360	7	7	0.591	1	0:00:16.771392
1365	0	0	0.913	1	0:00:16.758636
1370	9	9	0.249	1	0:00:16.773707
1375	4	4	0.935	1	0:00:16.754102
1380	4	5	0.376	0	0:00:16.765050
1385	5	5	0.0138	1	0:00:16.764295
1390	6	6	0.922	1	0:00:16.754816
1395	3	3	0.00684	1	0:00:16.758000
1400	5	3	0.342	0	0:00:16.760737
1405	1	1	0.189	1	0:00:16.754566
1410	1	1	0.953	1	0:00:16.768998
1415	7	7	0.16	1	0:00:16.755353
1420	4	4	0.28	1	0:00:16.769799
1425	4	3	0.225	0	0:00:16.759776
1430	8	8	0.317	1	0:00:16.756358
1435	1	1	0.721	1	0:00:16.773685
1440	0	8	0.0455	0	0:00:16.767136
1445	3	4	0.34	0	0:00:16.765635
1450	2	2	0.662	1	0:00:16.768967
1455	6	6	0.905	1	0:00:16.770362
1460	6	6	0.825	1	0:00:16.777599
1465	9	9	0.104	1	0:00:16.767442
1470	7	0	0.0549	0	0:00:16.779875
1475	9	9	0.705	1	0:00:16.772545
1480	1	1	0.314	1	0:00:16.785358
1485	0	0	0.282	1	0:00:16.761875
1490	8	8	0.953	1	0:00:16.772676
1495	2	0	0.443	0	0:00:16.773276
1500	1	1	0.572	1	0:00:16.783001
1505	2	2	0.376	1	0:00:16.774432
1510	8	8	0.183	1	0:00:16.769538
1515	2	2	0.273	1	0:00:16.772251
1520	7	7	0.54	1	0:00:16.782759
1525	3	8	0.0213	0	0:00:16.776448
1530	3	9	0.106	0	0:00:16.779680
1535	4	2	0.319	0	0:00:16.771394
1540	8	8	0.898	1	0:00:16.768712
1545	1	1	0.0478	1	0:00:16.772791
1550	6	6	0.852	1	0:00:16.784168
1555	0	0	0.611	1	0:00:16.784414
1560	7	7	0.953	1	0:00:16.772835
1565	6	6	0.327	1	0:00:16.767929
1570	4	7	0.0855	0	0:00:16.770370
1575	2	2	0.548	1	0:00:16.771054
1580	6	-1	0.0	0	0:00:16.775428
1585	7	7	0.953	1	0:00:16.762158
1590	4	0	0.114	0	0:00:16.764452
1595	3	5	0.356	0	0:00:16.762376
1600	8	9	0.237	0	0:00:16.763731
1605	3	2	0.237	0	0:00:16.756514
1610	2	0	0.0995	0	0:00:16.766137
1615	7	7	0.694	1	0:00:16.768555
1620	5	3	0.0615	0	0:00:16.764366
1625	3	3	0.0636	1	0:00:16.772575
1630	9	9	0.527	1	0:00:16.770043
1635	7	7	0.835	1	0:00:16.773166
1640	7	7	0.125	1	0:00:16.762948
1645	4	4	0.496	1	0:00:16.757198
1650	5	5	0.953	1	0:00:16.759898
1655	8	8	0.935	1	0:00:16.769046
1660	3	3	0.32	1	0:00:16.763246
1665	6	6	0.905	1	0:00:16.767262
1670	6	4	0.186	0	0:00:16.769819
1675	5	7	0.193	0	0:00:16.763794
1680	6	6	0.556	1	0:00:16.755041
1685	8	-1	0.0	0	0:00:16.769180
1690	2	0	0.25	0	0:00:16.762291
1695	9	9	0.296	1	0:00:16.769567
1700	5	5	0.045	1	0:00:16.761657
1705	0	0	0.953	1	0:00:16.774650
1710	4	4	0.137	1	0:00:16.778162
1715	3	5	0.19	0	0:00:16.770130
1720	4	-1	0.0	0	0:00:16.774837
1725	0	0	0.953	1	0:00:16.755109
1730	4	0	0.0596	0	0:00:16.772625
1735	0	0	0.495	1	0:00:16.778464
1740	1	1	0.128	1	0:00:16.766005
1745	5	5	0.697	1	0:00:16.767705
1750	8	8	0.308	1	0:00:16.773198
1755	7	7	0.646	1	0:00:16.782079
1760	0	0	0.718	1	0:00:16.782839
1765	4	-1	0.0	0	0:00:16.777043
1770	7	7	0.488	1	0:00:16.769023
1775	3	3	0.588	1	0:00:16.762270
1780	7	7	0.692	1	0:00:16.775085
1785	0	0	0.333	1	0:00:16.781864
1790	7	7	0.0542	1	0:00:16.779392
1795	6	6	0.535	1	0:00:16.773467
1800	4	4	0.138	1	0:00:16.775386
1805	8	8	0.579	1	0:00:16.773721
1810	1	1	0.638	1	0:00:16.771673
1815	9	9	0.953	1	0:00:16.773968
1820	8	8	0.563	1	0:00:16.785374
1825	2	2	0.953	1	0:00:16.774531
1830	3	2	0.247	0	0:00:16.769893
1835	0	4	0.0913	0	0:00:16.774903
1840	8	9	0.275	0	0:00:16.763814
1845	7	7	0.0539	1	0:00:16.769233
1850	1	3	0.312	0	0:00:16.777607
1855	5	5	0.298	1	0:00:16.777188
1860	8	8	0.8	1	0:00:16.766964
1865	7	7	0.814	1	0:00:16.773705
1870	2	2	0.922	1	0:00:16.775579
1875	0	0	0.953	1	0:00:16.773561
1880	1	1	0.953	1	0:00:16.757967
1885	5	5	0.391	1	0:00:16.768163
1890	6	6	0.253	1	0:00:16.774243
1895	8	0	0.136	0	0:00:16.769054
1900	8	8	0.953	1	0:00:16.769838
1905	3	-1	0.0	0	0:00:16.782655
1910	4	4	0.415	1	0:00:16.765185
1915	9	9	0.953	1	0:00:16.768564
1920	2	2	0.656	1	0:00:16.769081
1925	1	1	0.736	1	0:00:16.768479
1930	1	1	0.592	1	0:00:16.772368
1935	6	2	0.131	0	0:00:16.779541
1940	5	5	0.223	1	0:00:16.767488
1945	4	4	0.136	1	0:00:16.775795
1950	5	5	0.0892	1	0:00:16.781511
1955	2	7	0.777	0	0:00:16.773521
1960	2	5	0.408	0	0:00:16.764046
1965	0	0	0.329	1	0:00:16.767672
1970	1	1	0.65	1	0:00:16.772546
1975	6	-1	0.0	0	0:00:16.764688
1980	9	9	0.663	1	0:00:16.773704
1985	6	2	0.265	0	0:00:16.771488
1990	4	4	0.019	1	0:00:16.774742
1995	2	2	0.265	1	0:00:16.772205
2000	1	1	0.557	1	0:00:16.786524
2005	5	5	0.212	1	0:00:16.776703
2010	7	5	0.0522	0	0:00:16.772804
2015	4	4	0.328	1	0:00:16.772854
2020	9	9	0.892	1	0:00:16.779758
2025	4	4	0.0538	1	0:00:16.773246
2030	4	4	0.0793	1	0:00:16.770113
2035	6	6	0.279	1	0:00:16.770324
2040	0	0	0.844	1	0:00:16.768179
2045	1	1	0.35	1	0:00:16.777397
2050	8	8	0.935	1	0:00:16.760689
2055	5	5	0.575	1	0:00:16.772989
2060	5	3	0.535	0	0:00:16.764766
2065	2	6	0.15	0	0:00:16.761121
2070	2	2	0.103	1	0:00:16.764915
2075	4	-1	0.0	0	0:00:16.760366
2080	1	9	0.103	0	0:00:16.755378
2085	0	0	0.278	1	0:00:16.770956
2090	2	2	0.365	1	0:00:16.769577
2095	0	0	0.291	1	0:00:16.771197
2100	2	2	0.742	1	0:00:16.754299
2105	6	6	0.365	1	0:00:16.772799
2110	0	0	0.35	1	0:00:16.762873
2115	5	5	0.649	1	0:00:16.771651
2120	4	8	0.342	0	0:00:16.765630
2125	1	1	0.0602	1	0:00:16.752620
2130	0	0	0.881	1	0:00:16.763191
2135	8	8	0.935	1	0:00:16.760947
2140	9	9	0.886	1	0:00:16.756788
2145	7	-1	0.0	0	0:00:16.766395
2150	9	9	0.705	1	0:00:16.745585
2155	9	-1	0.0	0	0:00:16.770077
2160	0	0	0.399	1	0:00:16.759312
2165	2	0	0.251	0	0:00:16.762209
2170	2	2	0.626	1	0:00:16.771707
2175	3	3	0.157	1	0:00:16.762436
2180	4	4	0.782	1	0:00:16.746455
2185	0	0	0.313	1	0:00:16.753822
2190	9	9	0.38	1	0:00:16.774634
2195	4	3	0.026	0	0:00:16.763646
2200	0	0	0.379	1	0:00:16.750352
2205	5	5	0.546	1	0:00:16.765849
2210	2	2	0.377	1	0:00:16.771574
2215	0	0	0.123	1	0:00:16.767348
2220	1	1	0.935	1	0:00:16.770065
2225	7	7	0.935	1	0:00:16.763658
2230	3	3	0.0448	1	0:00:16.773859
2235	2	2	0.953	1	0:00:16.759569
2240	9	9	0.098	1	0:00:16.776234
2245	8	8	0.321	1	0:00:16.768271
2250	7	7	0.393	1	0:00:16.765594
2255	1	8	0.13	0	0:00:16.780839
2260	4	4	0.561	1	0:00:16.775186
2265	8	8	0.953	1	0:00:16.775233
2270	2	4	0.0348	0	0:00:16.771382
2275	6	6	0.18	1	0:00:16.757843
2280	4	4	0.203	1	0:00:16.768773
2285	3	7	0.0641	0	0:00:16.773767
2290	9	9	0.661	1	0:00:16.756758
2295	8	8	0.597	1	0:00:16.773354
2300	3	-1	0.0	0	0:00:16.775570
2305	9	2	0.0916	0	0:00:16.773797
2310	6	7	0.228	0	0:00:16.766096
2315	2	2	0.575	1	0:00:16.772018
2320	5	-1	0.0	0	0:00:16.782226
2325	7	5	0.427	0	0:00:16.765847
2330	0	0	0.707	1	0:00:16.761868
2335	5	5	0.151	1	0:00:16.762645
2340	7	7	0.833	1	0:00:16.775341
2345	1	1	0.922	1	0:00:16.770411
2350	3	6	0.0762	0	0:00:16.760926
2355	9	0	0.171	0	0:00:16.770448
2360	7	5	0.146	0	0:00:16.767039
2365	7	7	0.589	1	0:00:16.776887
2370	0	0	0.686	1	0:00:16.774863
2375	0	0	0.178	1	0:00:16.769078
2380	8	8	0.739	1	0:00:16.752872
2385	4	-1	0.0	0	0:00:16.776858
2390	1	1	0.357	1	0:00:16.756580
2395	7	0	0.0576	0	0:00:16.784523
2400	0	0	0.953	1	0:00:16.771219
2405	3	6	0.953	0	0:00:16.758716
2410	3	3	0.754	1	0:00:16.778893
2415	6	6	0.176	1	0:00:16.776225
2420	8	-1	0.0	0	0:00:16.769448
2425	0	0	0.567	1	0:00:16.764539
2430	7	7	0.17	1	0:00:16.773725
2435	6	6	0.117	1	0:00:16.774723
2440	7	7	0.444	1	0:00:16.769374
2445	6	6	0.953	1	0:00:16.771412
2450	1	1	0.953	1	0:00:16.777925
2455	6	3	0.0632	0	0:00:16.767482
2460	9	7	0.139	0	0:00:16.766325
2465	9	9	0.55	1	0:00:16.758323
2470	7	7	0.886	1	0:00:16.763724
2475	6	6	0.835	1	0:00:16.755257
2480	8	8	0.922	1	0:00:16.772194
2485	6	6	0.953	1	0:00:16.773275
2490	0	-1	0.0	0	0:00:16.765855
2495	9	8	0.613	0	0:00:16.767515
2500	4	4	0.0819	1	0:00:16.772610
2505	7	7	0.351	1	0:00:16.762891
2510	4	4	0.245	1	0:00:16.765295
2515	2	2	0.171	1	0:00:16.746088
2520	1	1	0.392	1	0:00:16.771521
2525	5	-1	0.0	0	0:00:16.772055
2530	6	6	0.147	1	0:00:16.771825
2535	0	-1	0.0	0	0:00:16.769678
2540	2	2	0.135	1	0:00:16.779012
2545	4	4	0.507	1	0:00:16.768302
2550	4	4	0.107	1	0:00:16.758987
2555	7	7	0.0695	1	0:00:16.772424
2560	7	7	0.34	1	0:00:16.774843
2565	3	3	0.233	1	0:00:16.782143
2570	0	2	0.118	0	0:00:16.782048
2575	5	4	0.534	0	0:00:16.773634
2580	6	5	0.398	0	0:00:16.770446
2585	3	5	0.126	0	0:00:16.768428
2590	5	3	0.102	0	0:00:16.780955
2595	4	4	0.542	1	0:00:16.773833
2600	8	8	0.829	1	0:00:16.766347
2605	4	7	0.227	0	0:00:16.773053
2610	2	2	0.813	1	0:00:16.774690
2615	7	7	0.5	1	0:00:16.777730
2620	1	1	0.5	1	0:00:16.771495
2625	2	2	0.635	1	0:00:16.776719
2630	2	6	0.115	0	0:00:16.769931
2635	6	4	0.0198	0	0:00:16.772415
2640	7	7	0.953	1	0:00:16.770688
2645	1	1	0.953	1	0:00:16.773736
2650	5	0	0.0953	0	0:00:16.766715
2655	4	0	0.186	0	0:00:16.769382
2660	3	3	0.227	1	0:00:16.777623
2665	1	1	0.953	1	0:00:16.767714
2670	9	9	0.612	1	0:00:16.775223
2675	2	-1	0.0	0	0:00:16.771513
2680	0	0	0.953	1	0:00:16.756321
2685	2	4	0.381	0	0:00:16.762807
2690	2	0	0.0527	0	0:00:16.764411
2695	2	2	0.338	1	0:00:16.771549
2700	9	1	0.176	0	0:00:16.773848
2705	8	0	0.604	0	0:00:16.774827
2710	7	7	0.922	1	0:00:16.759393
2715	0	0	0.913	1	0:00:16.761415
2720	3	3	0.0781	1	0:00:16.763302
2725	8	8	0.898	1	0:00:16.773265
2730	6	6	0.375	1	0:00:16.760048
2735	2	2	0.0303	1	0:00:16.759923
2740	1	1	0.24	1	0:00:16.769534
2745	8	8	0.953	1	0:00:16.762145
2750	5	5	0.953	1	0:00:16.768674
2755	5	7	0.107	0	0:00:16.770008
2760	2	2	0.747	1	0:00:16.754508
2765	9	9	0.698	1	0:00:16.765311
2770	7	-1	0.0	0	0:00:16.773376
2775	3	3	0.133	1	0:00:16.759188
2780	7	7	0.953	1	0:00:16.776612
2785	4	4	0.0659	1	0:00:16.771218
2790	8	8	0.953	1	0:00:16.766651
2795	3	5	0.177	0	0:00:16.760253
2800	4	4	0.358	1	0:00:16.769975
2805	4	4	0.586	1	0:00:16.780026
2810	9	7	0.0135	0	0:00:16.769257
2815	3	3	0.422	1	0:00:16.772360
2820	6	6	0.792	1	0:00:16.771360
2825	2	2	0.0873	1	0:00:16.766349
2830	6	6	0.892	1	0:00:16.774817
2835	4	2	0.011	0	0:00:16.784431
2840	3	3	0.953	1	0:00:16.770094
2845	5	2	0.0583	0	0:00:16.768713
2850	5	5	0.416	1	0:00:16.778513
2855	3	4	0.0504	0	0:00:16.778755
2860	5	5	0.176	1	0:00:16.776870
2865	6	6	0.776	1	0:00:16.771631
2870	8	8	0.288	1	0:00:16.763316
2875	1	1	0.131	1	0:00:16.767399
2880	4	4	0.794	1	0:00:16.763199
2885	5	5	0.953	1	0:00:16.773285
2890	5	5	0.259	1	0:00:16.776192
2895	7	5	0.435	0	0:00:16.774425
2900	3	5	0.109	0	0:00:16.767373
2905	4	4	0.236	1	0:00:16.766585
2910	8	8	0.282	1	0:00:16.765721
2915	5	5	0.898	1	0:00:16.755913
2920	2	-1	0.0	0	0:00:16.760614
2925	4	4	0.248	1	0:00:16.769470
2930	7	7	0.385	1	0:00:16.767389
2935	8	8	0.159	1	0:00:16.764162
2940	3	0	0.532	0	0:00:16.761482
2945	7	7	0.171	1	0:00:16.766571
2950	1	1	0.215	1	0:00:16.768930
2955	2	3	0.0403	0	0:00:16.761685
2960	9	-1	0.0	0	0:00:16.751463
2965	7	7	0.351	1	0:00:16.764023
2970	5	5	0.263	1	0:00:16.772953
2975	9	2	0.321	0	0:00:16.757487
2980	8	8	0.188	1	0:00:16.768629
2985	2	-1	0.0	0	0:00:16.762681
2990	4	4	0.54	1	0:00:16.772464
2995	4	4	0.323	1	0:00:16.765786
3000	5	5	0.953	1	0:00:16.780800
3005	0	0	0.111	1	0:00:16.759250
3010	6	6	0.335	1	0:00:16.769860
3015	6	6	0.837	1	0:00:16.762827
3020	1	1	0.543	1	0:00:16.766821
3025	2	6	0.0275	0	0:00:16.755496
3030	6	6	0.39	1	0:00:16.759299
3035	3	3	0.532	1	0:00:16.769210
3040	7	7	0.953	1	0:00:16.767310
3045	5	5	0.953	1	0:00:16.758775
3050	0	0	0.392	1	0:00:16.760633
3055	9	9	0.536	1	0:00:16.772261
3060	7	7	0.507	1	0:00:16.768805
3065	3	3	0.415	1	0:00:16.768816
3070	0	0	0.545	1	0:00:16.765226
3075	6	3	0.313	0	0:00:16.774981
3080	1	1	0.337	1	0:00:16.762987
3085	2	-1	0.0	0	0:00:16.762072
3090	4	4	0.406	1	0:00:16.760447
3095	4	-1	0.0	0	0:00:16.762627
3100	0	0	0.537	1	0:00:16.761949
3105	1	1	0.483	1	0:00:16.775814
3110	7	7	0.0517	1	0:00:16.767574
3115	5	-1	0.0	0	0:00:16.771792
3120	4	2	0.00985	0	0:00:16.765181
3125	3	3	0.291	1	0:00:16.762456
3130	3	5	0.167	0	0:00:16.776644
3135	7	-1	0.0	0	0:00:16.775698
3140	8	8	0.574	1	0:00:16.767621
3145	9	9	0.152	1	0:00:16.770839
3150	1	9	0.586	0	0:00:16.768857
3155	8	8	0.739	1	0:00:16.762989
3160	6	2	0.163	0	0:00:16.766575
3165	1	1	0.461	1	0:00:16.763636
3170	9	9	0.835	1	0:00:16.776934
3175	1	1	0.732	1	0:00:16.771390
3180	3	3	0.095	1	0:00:16.772948
3185	2	6	0.0407	0	0:00:16.778772
3190	3	3	0.458	1	0:00:16.761689
3195	5	-1	0.0	0	0:00:16.769146
3200	5	5	0.556	1	0:00:16.764382
3205	8	8	0.765	1	0:00:16.766886
3210	9	9	0.869	1	0:00:16.771935
3215	1	1	0.953	1	0:00:16.773116
3220	3	9	0.0681	0	0:00:16.769829
3225	9	9	0.543	1	0:00:16.774991
3230	3	5	0.0554	0	0:00:16.775483
3235	5	5	0.38	1	0:00:16.779131
3240	4	4	0.0297	1	0:00:16.775105
3245	7	7	0.707	1	0:00:16.768736
3250	2	6	0.506	0	0:00:16.754958
3255	5	5	0.644	1	0:00:16.772057
3260	7	7	0.752	1	0:00:16.769141
3265	8	8	0.634	1	0:00:16.774067
3270	8	8	0.153	1	0:00:16.770834
3275	5	7	0.486	0	0:00:16.773147
3280	3	5	0.353	0	0:00:16.772523
3285	1	1	0.862	1	0:00:16.770714
3290	5	5	0.683	1	0:00:16.776599
3295	9	9	0.702	1	0:00:16.773946
3300	4	4	0.422	1	0:00:16.774069
3305	9	9	0.877	1	0:00:16.768626
3310	6	6	0.457	1	0:00:16.762367
3315	3	3	0.0446	1	0:00:16.768032
3320	2	7	0.935	0	0:00:16.775980
3325	6	5	0.0507	0	0:00:16.779475
3330	7	7	0.798	1	0:00:16.763517
3335	0	9	0.11	0	0:00:16.775407
3340	6	6	0.372	1	0:00:16.771391
3345	7	7	0.953	1	0:00:16.762827
3350	8	8	0.602	1	0:00:16.778404
3355	5	8	0.0391	0	0:00:16.772344
3360	4	4	0.707	1	0:00:16.767941
3365	9	9	0.684	1	0:00:16.776384
3370	1	1	0.953	1	0:00:16.771689
3375	4	4	0.3	1	0:00:16.774431
3380	8	8	0.922	1	0:00:16.762834
3385	8	8	0.205	1	0:00:16.762730
3390	3	5	0.346	0	0:00:16.782437
3395	9	9	0.953	1	0:00:16.762353
3400	6	4	0.229	0	0:00:16.755458
3405	7	7	0.842	1	0:00:16.758461
3410	4	4	0.536	1	0:00:16.758843
3415	7	7	0.304	1	0:00:16.777092
3420	5	-1	0.0	0	0:00:16.772997
3425	0	-1	0.0	0	0:00:16.769805
3430	8	8	0.65	1	0:00:16.770120
3435	6	6	0.821	1	0:00:16.769397
3440	2	3	0.428	0	0:00:16.768702
3445	0	0	0.953	1	0:00:16.771648
3450	9	-1	0.0	0	0:00:16.766503
3455	6	6	0.47	1	0:00:16.764131
3460	1	1	0.847	1	0:00:16.767164
3465	6	6	0.745	1	0:00:16.778851
3470	7	7	0.035	1	0:00:16.764899
3475	0	0	0.306	1	0:00:16.759683
3480	2	2	0.922	1	0:00:16.771564
3485	1	1	0.953	1	0:00:16.760010
3490	0	8	0.347	0	0:00:16.757643
3495	2	5	0.00599	0	0:00:16.770983
3500	1	1	0.577	1	0:00:16.769949
3505	4	4	0.269	1	0:00:16.769265
3510	4	4	0.131	1	0:00:16.762641
3515	8	8	0.873	1	0:00:16.773846
3520	1	1	0.953	1	0:00:16.768550
3525	2	6	0.00843	0	0:00:16.763776
3530	6	6	0.892	1	0:00:16.773185
3535	5	5	0.65	1	0:00:16.766655
3540	6	6	0.755	1	0:00:16.760732
3545	4	4	0.953	1	0:00:16.744277
3550	0	4	0.198	0	0:00:16.764321
3555	6	6	0.194	1	0:00:16.772341
3560	1	-1	0.0	0	0:00:16.761501
3565	1	1	0.922	1	0:00:16.773425
3570	3	3	0.565	1	0:00:16.763410
3575	3	3	0.29	1	0:00:16.767473
3580	4	4	0.164	1	0:00:16.751757
3585	8	8	0.953	1	0:00:16.767338
3590	7	7	0.953	1	0:00:16.767019
3595	2	2	0.358	1	0:00:16.763977
3600	4	2	0.432	0	0:00:16.767895
3605	6	-1	0.0	0	0:00:16.762120
3610	5	5	0.224	1	0:00:16.767155
3615	6	7	0.249	0	0:00:16.772194
3620	0	0	0.272	1	0:00:16.773610
3625	8	8	0.103	1	0:00:16.765963
3630	8	8	0.783	1	0:00:16.754839
3635	4	4	0.207	1	0:00:16.768129
3640	6	-1	0.0	0	0:00:16.770893
3645	1	9	0.45	0	0:00:16.765119
3650	0	0	0.842	1	0:00:16.759965
3655	9	9	0.728	1	0:00:16.764546
3660	0	0	0.649	1	0:00:16.750012
3665	7	7	0.156	1	0:00:16.764452
3670	9	9	0.193	1	0:00:16.757418
3675	4	4	0.759	1	0:00:16.767367
3680	0	4	0.124	0	0:00:16.766493
3685	2	2	0.404	1	0:00:16.757978
3690	9	9	0.541	1	0:00:16.774950
3695	8	8	0.953	1	0:00:16.780030
3700	3	3	0.689	1	0:00:16.773277
3705	8	8	0.61	1	0:00:16.773179
3710	2	2	0.038	1	0:00:16.772645
3715	1	1	0.109	1	0:00:16.767796
3720	2	2	0.813	1	0:00:16.761205
3725	2	-1	0.0	0	0:00:16.768297
3730	1	1	0.244	1	0:00:16.766391
3735	5	-1	0.0	0	0:00:16.776413
3740	0	0	0.647	1	0:00:16.775683
3745	1	1	0.953	1	0:00:16.767711
3750	9	9	0.0402	1	0:00:16.773249
3755	9	-1	0.0	0	0:00:16.764609
3760	7	7	0.372	1	0:00:16.781574
3765	0	0	0.0269	1	0:00:16.763924
3770	9	9	0.485	1	0:00:16.766163
3775	6	6	0.707	1	0:00:16.769414
3780	4	4	0.196	1	0:00:16.766171
3785	6	6	0.0518	1	0:00:16.764148
3790	4	4	0.191	1	0:00:16.766996
3795	7	7	0.511	1	0:00:16.769150
3800	9	9	0.585	1	0:00:16.780939
3805	9	9	0.953	1	0:00:16.772892
3810	3	3	0.286	1	0:00:16.768917
3815	2	2	0.0832	1	0:00:16.771985
3820	0	0	0.142	1	0:00:16.772440
3825	0	0	0.953	1	0:00:16.767931
3830	5	5	0.0474	1	0:00:16.766298
3835	3	5	0.183	0	0:00:16.766131
3840	6	3	0.0298	0	0:00:16.773811
3845	0	0	0.0859	1	0:00:16.762950
3850	9	9	0.431	1	0:00:16.776709
3855	1	1	0.953	1	0:00:16.782596
3860	7	7	0.953	1	0:00:16.765093
3865	7	7	0.494	1	0:00:16.773855
3870	8	8	0.462	1	0:00:16.763683
3875	2	2	0.497	1	0:00:16.772353
3880	6	6	0.319	1	0:00:16.764849
3885	6	6	0.215	1	0:00:16.757914
3890	7	7	0.816	1	0:00:16.769774
3895	1	1	0.728	1	0:00:16.766539
3900	3	6	0.291	0	0:00:16.753781
3905	2	2	0.26	1	0:00:16.766486
3910	4	-1	0.0	0	0:00:16.774219
3915	4	4	0.198	1	0:00:16.775553
3920	7	-1	0.0	0	0:00:16.761307
3925	1	1	0.522	1	0:00:16.773077
3930	1	1	0.935	1	0:00:16.782219
3935	4	4	0.0642	1	0:00:16.769393
3940	6	-1	0.0	0	0:00:16.770946
3945	5	5	0.621	1	0:00:16.769137
3950	8	8	0.695	1	0:00:16.762135
3955	0	0	0.719	1	0:00:16.768971
3960	2	2	0.755	1	0:00:16.772820
3965	0	0	0.739	1	0:00:16.763593
3970	9	9	0.238	1	0:00:16.768193
3975	7	7	0.953	1	0:00:16.767905
3980	9	9	0.0997	1	0:00:16.783538
3985	7	7	0.606	1	0:00:16.772126
3990	4	4	0.00151	1	0:00:16.766614
3995	7	9	0.18	0	0:00:16.772561
4000	8	-1	0.0	0	0:00:16.777565
4005	5	5	0.331	1	0:00:16.776591
4010	7	7	0.0835	1	0:00:16.780122
4015	1	1	0.922	1	0:00:16.773213
4020	8	8	0.592	1	0:00:16.772215
4025	1	1	0.805	1	0:00:16.775027
4030	1	1	0.829	1	0:00:16.782039
4035	2	2	0.855	1	0:00:16.772956
4040	0	0	0.935	1	0:00:16.755268
4045	7	7	0.536	1	0:00:16.764171
4050	3	2	0.54	0	0:00:16.777455
4055	1	-1	0.0	0	0:00:16.755629
4060	6	6	0.545	1	0:00:16.776058
4065	4	4	0.283	1	0:00:16.772531
4070	9	9	0.877	1	0:00:16.774650
4075	2	2	0.397	1	0:00:16.782269
4080	1	1	0.953	1	0:00:16.777567
4085	8	8	0.217	1	0:00:16.774487
4090	4	4	0.123	1	0:00:16.761393
4095	8	8	0.639	1	0:00:16.770061
4100	7	7	0.953	1	0:00:16.769269
4105	7	7	0.699	1	0:00:16.757454
4110	2	2	0.594	1	0:00:16.773681
4115	8	8	0.157	1	0:00:16.769074
4120	4	4	0.852	1	0:00:16.772625
4125	8	0	0.0116	0	0:00:16.757605
4130	6	6	0.922	1	0:00:16.771490
4135	1	-1	0.0	0	0:00:16.771210
4140	5	5	0.149	1	0:00:16.759872
4145	8	8	0.953	1	0:00:16.761204
4150	6	6	0.453	1	0:00:16.755388
4155	3	3	0.777	1	0:00:16.762383
4160	5	5	0.607	1	0:00:16.770934
4165	8	0	0.0546	0	0:00:16.769743
4170	1	1	0.18	1	0:00:16.772101
4175	3	-1	0.0	0	0:00:16.765512
4180	0	0	0.0832	1	0:00:16.766013
4185	7	7	0.627	1	0:00:16.767802
4190	3	7	0.373	0	0:00:16.766544
4195	3	3	0.816	1	0:00:16.763563
4200	4	4	0.265	1	0:00:16.754092
4205	4	7	0.035	0	0:00:16.766919
4210	3	5	0.255	0	0:00:16.760015
4215	1	1	0.347	1	0:00:16.758319
4220	4	0	0.603	0	0:00:16.763461
4225	5	5	0.104	1	0:00:16.762960
4230	6	6	0.0195	1	0:00:16.757314
4235	9	9	0.953	1	0:00:16.769460
4240	7	0	0.186	0	0:00:16.767292
4245	1	1	0.44	1	0:00:16.766276
4250	1	1	0.0844	1	0:00:16.753375
4255	9	9	0.14	1	0:00:16.767831
4260	8	8	0.953	1	0:00:16.756093
4265	6	6	0.378	1	0:00:16.759503
4270	0	0	0.673	1	0:00:16.761520
4275	5	5	0.0349	1	0:00:16.755400
4280	8	-1	0.0	0	0:00:16.767445
4285	1	6	0.141	0	0:00:16.768483
4290	2	2	0.258	1	0:00:16.759598
4295	0	0	0.953	1	0:00:16.772038
4300	8	8	0.462	1	0:00:16.766172
4305	0	0	0.953	1	0:00:16.765685
4310	4	4	0.065	1	0:00:16.770444
4315	6	-1	0.0	0	0:00:16.768260
4320	1	0	0.117	0	0:00:16.759402
4325	6	6	0.542	1	0:00:16.771429
4330	9	9	0.953	1	0:00:16.770959
4335	9	9	0.769	1	0:00:16.761736
4340	0	0	0.881	1	0:00:16.764915
4345	6	6	0.0978	1	0:00:16.771689
4350	4	4	0.736	1	0:00:16.767215
4355	0	3	0.48	0	0:00:16.755053
4360	6	6	0.725	1	0:00:16.776082
4365	9	9	0.451	1	0:00:16.771652
4370	8	8	0.953	1	0:00:16.773586
4375	3	3	0.143	1	0:00:16.774311
4380	9	9	0.364	1	0:00:16.771623
4385	8	8	0.285	1	0:00:16.770194
4390	5	5	0.869	1	0:00:16.770796
4395	7	7	0.922	1	0:00:16.782175
4400	3	-1	0.0	0	0:00:16.777400
4405	6	6	0.741	1	0:00:16.859157
4410	9	9	0.178	1	0:00:16.777267
4415	0	0	0.953	1	0:00:16.753453
4420	5	5	0.579	1	0:00:16.772721
4425	1	1	0.953	1	0:00:16.789015
4430	1	1	0.953	1	0:00:16.760996
4435	3	5	0.265	0	0:00:16.764902
4440	2	2	0.0644	1	0:00:16.765962
4445	9	9	0.164	1	0:00:16.780374
4450	0	0	0.285	1	0:00:16.770503
4455	8	8	0.877	1	0:00:16.782709
4460	9	9	0.285	1	0:00:16.778440
4465	6	6	0.369	1	0:00:16.789283
4470	0	0	0.156	1	0:00:16.794120
4475	1	1	0.953	1	0:00:16.768501
4480	9	9	0.886	1	0:00:16.779560
4485	3	-1	0.0	0	0:00:16.774738
4490	0	0	0.455	1	0:00:16.790136
4495	3	3	0.118	1	0:00:16.777417
4500	3	5	0.102	0	0:00:16.778709
4505	4	4	0.604	1	0:00:16.771051
4510	0	0	0.829	1	0:00:16.772866
4515	0	0	0.862	1	0:00:16.770527
4520	3	5	0.0178	0	0:00:16.784324
4525	0	0	0.626	1	0:00:16.772384
4530	5	3	0.132	0	0:00:16.768427
4535	2	2	0.743	1	0:00:16.769394
4540	9	9	0.801	1	0:00:16.772031
4545	3	3	0.484	1	0:00:16.762895
4550	9	3	0.118	0	0:00:16.769892
4555	5	5	0.255	1	0:00:16.796247
4560	1	1	0.922	1	0:00:16.771799
4565	2	4	0.24	0	0:00:16.767192
4570	9	9	0.522	1	0:00:16.788667
4575	6	6	0.381	1	0:00:16.788803
4580	6	6	0.396	1	0:00:16.770119
4585	8	-1	0.0	0	0:00:16.768853
4590	9	2	0.407	0	0:00:16.774412
4595	9	9	0.209	1	0:00:16.774729
4600	4	4	0.102	1	0:00:16.760898
4605	3	3	0.38	1	0:00:16.791039
4610	6	6	0.11	1	0:00:16.778354
4615	5	4	0.176	0	0:00:16.770050
4620	7	7	0.177	1	0:00:16.770857
4625	4	4	0.0677	1	0:00:16.774717
4630	2	3	0.115	0	0:00:16.766697
4635	7	7	0.119	1	0:00:16.771984
4640	2	2	0.336	1	0:00:16.771404
4645	4	4	0.107	1	0:00:16.786481
4650	6	6	0.396	1	0:00:16.762980
4655	7	-1	0.0	0	0:00:16.774199
4660	7	-1	0.0	0	0:00:16.772480
4665	3	3	0.2	1	0:00:16.767337
4670	8	8	0.764	1	0:00:16.758613
4675	4	4	0.679	1	0:00:16.771342
4680	9	9	0.371	1	0:00:16.773913
4685	4	4	0.213	1	0:00:16.752843
4690	2	-1	0.0	0	0:00:16.763758
4695	8	8	0.628	1	0:00:16.754349
4700	6	5	0.0705	0	0:00:16.779634
4705	3	5	0.384	0	0:00:16.771267
4710	3	9	0.00952	0	0:00:16.771211
4715	9	1	0.0473	0	0:00:16.760840
4720	8	8	0.207	1	0:00:16.752484
4725	9	9	0.581	1	0:00:16.768348
4730	2	2	0.336	1	0:00:16.785833
4735	8	8	0.209	1	0:00:16.775355
4740	5	3	0.238	0	0:00:16.764400
4745	7	0	0.0576	0	0:00:16.767697
4750	7	7	0.0789	1	0:00:16.760619
4755	1	1	0.749	1	0:00:16.761501
4760	3	2	0.37	0	0:00:16.766310
4765	3	3	0.0132	1	0:00:16.771895
4770	9	-1	0.0	0	0:00:16.769098
4775	2	3	0.0849	0	0:00:16.774895
4780	0	0	0.244	1	0:00:16.763731
4785	3	3	0.437	1	0:00:16.763796
4790	1	1	0.561	1	0:00:16.754490
4795	5	3	0.496	0	0:00:16.774193
4800	9	9	0.953	1	0:00:16.765920
4805	5	3	0.201	0	0:00:16.761573
4810	5	5	0.953	1	0:00:16.769881
4815	9	9	0.0365	1	0:00:16.771431
4820	3	3	0.653	1	0:00:16.769345
4825	7	5	0.125	0	0:00:16.770425
4830	3	-1	0.0	0	0:00:16.771756
4835	9	9	0.953	1	0:00:16.769421
4840	0	0	0.953	1	0:00:16.776109
4845	3	3	0.389	1	0:00:16.831119
4850	1	9	0.411	0	0:00:16.833668
4855	1	1	0.388	1	0:00:16.824641
4860	5	5	0.922	1	0:00:16.792687
4865	8	9	0.279	0	0:00:16.776128
4870	8	8	0.407	1	0:00:16.779180
4875	1	1	0.461	1	0:00:16.783633
4880	0	8	0.0975	0	0:00:16.786060
4885	2	2	0.0803	1	0:00:16.770114
4890	1	1	0.873	1	0:00:16.801251
4895	1	1	0.555	1	0:00:16.848103
4900	3	3	0.647	1	0:00:16.835462
4905	7	7	0.953	1	0:00:16.820075
4910	8	8	0.355	1	0:00:16.794363
4915	5	5	0.953	1	0:00:16.774370
4920	7	7	0.849	1	0:00:16.801315
4925	5	3	0.0783	0	0:00:16.842923
4930	1	1	0.129	1	0:00:16.829705
4935	5	5	0.692	1	0:00:16.831308
4940	6	6	0.305	1	0:00:16.829758
4945	9	1	0.408	0	0:00:16.827454
4950	2	2	0.913	1	0:00:16.830833
4955	2	8	0.052	0	0:00:16.836857
4960	4	4	0.0709	1	0:00:16.844496
4965	3	-1	0.0	0	0:00:16.827752
4970	2	6	0.228	0	0:00:16.826045
4975	3	3	0.176	1	0:00:16.826553
4980	1	9	0.642	0	0:00:16.779381
4985	4	-1	0.0	0	0:00:16.781389
4990	7	5	0.128	0	0:00:16.769041
4995	2	5	0.0422	0	0:00:16.773209
5000	7	7	0.953	1	0:00:16.774238
5005	5	-1	0.0	0	0:00:16.773671
5010	7	7	0.721	1	0:00:16.757312
5015	2	2	0.601	1	0:00:16.771514
5020	8	8	0.869	1	0:00:16.770993
5025	5	5	0.679	1	0:00:16.769775
5030	4	4	0.761	1	0:00:16.761776
5035	5	5	0.898	1	0:00:16.771905
5040	3	3	0.238	1	0:00:16.763324
5045	7	7	0.693	1	0:00:16.757585
5050	3	3	0.00149	1	0:00:16.758809
5055	0	0	0.953	1	0:00:16.751044
5060	6	6	0.0919	1	0:00:16.765190
5065	0	0	0.814	1	0:00:16.774496
5070	7	5	0.109	0	0:00:16.752553
5075	6	-1	0.0	0	0:00:16.767200
5080	7	7	0.535	1	0:00:16.770122
5085	2	6	0.343	0	0:00:16.769405
5090	1	1	0.0245	1	0:00:16.759870
5095	8	8	0.443	1	0:00:16.759757
5100	3	3	0.521	1	0:00:16.763040
5105	7	7	0.485	1	0:00:16.756628
5110	8	8	0.365	1	0:00:16.769988
5115	5	2	0.369	0	0:00:16.754814
5120	9	9	0.0895	1	0:00:16.762580
5125	1	-1	0.0	0	0:00:16.767187
5130	5	3	0.0295	0	0:00:16.761619
5135	1	1	0.953	1	0:00:16.760459
5140	8	8	0.787	1	0:00:16.760415
5145	4	4	0.302	1	0:00:16.767653
5150	4	4	0.274	1	0:00:16.766043
5155	3	5	0.54	0	0:00:16.765213
5160	0	0	0.736	1	0:00:16.759457
5165	2	2	0.523	1	0:00:16.769593
5170	9	9	0.953	1	0:00:16.772948
5175	6	6	0.771	1	0:00:16.769887
5180	9	-1	0.0	0	0:00:16.771137
5185	3	9	0.0237	0	0:00:16.773379
5190	0	0	0.436	1	0:00:16.768773
5195	4	7	0.277	0	0:00:16.778567
5200	3	3	0.688	1	0:00:16.774504
5205	8	0	0.139	0	0:00:16.776578
5210	5	5	0.847	1	0:00:16.768448
5215	2	2	0.692	1	0:00:16.770917
5220	0	0	0.372	1	0:00:16.760214
5225	0	0	0.502	1	0:00:16.768086
5230	8	8	0.102	1	0:00:16.767353
5235	1	3	0.4	0	0:00:16.771440
5240	1	1	0.185	1	0:00:16.764382
5245	1	1	0.953	1	0:00:16.767808
5250	7	7	0.0391	1	0:00:16.772547
5255	0	0	0.953	1	0:00:16.769043
5260	0	0	0.953	1	0:00:16.768810
5265	2	2	0.174	1	0:00:16.755958
5270	1	1	0.881	1	0:00:16.758493
5275	2	2	0.244	1	0:00:16.756520
5280	0	4	0.415	0	0:00:16.772367
5285	1	1	0.67	1	0:00:16.757282
5290	3	5	0.349	0	0:00:16.772497
5295	0	0	0.408	1	0:00:16.765724
5300	9	9	0.111	1	0:00:16.767381
5305	7	2	0.0248	0	0:00:16.764055
5310	0	0	0.436	1	0:00:16.761848
5315	9	9	0.953	1	0:00:16.767676
5320	7	7	0.3	1	0:00:16.781145
5325	8	8	0.438	1	0:00:16.765546
5330	7	-1	0.0	0	0:00:16.773337
5335	9	-1	0.0	0	0:00:16.766572
5340	3	4	0.74	0	0:00:16.776272
5345	4	4	0.0339	1	0:00:16.772087
5350	9	9	0.36	1	0:00:16.781885
5355	8	8	0.869	1	0:00:16.781332
5360	9	9	0.474	1	0:00:16.771538
5365	8	8	0.296	1	0:00:16.769970
5370	6	3	0.412	0	0:00:16.770871
5375	1	1	0.588	1	0:00:16.772990
5380	1	1	0.125	1	0:00:16.771741
5385	2	5	0.117	0	0:00:16.764443
5390	1	1	0.869	1	0:00:16.773279
5395	0	0	0.681	1	0:00:16.763536
5400	9	9	0.953	1	0:00:16.773966
5405	2	0	0.953	0	0:00:16.759994
5410	3	7	0.574	0	0:00:16.768776
5415	4	4	0.306	1	0:00:16.768672
5420	6	6	0.658	1	0:00:16.759897
5425	6	6	0.515	1	0:00:16.761384
5430	7	7	0.315	1	0:00:16.764470
5435	7	-1	0.0	0	0:00:16.765178
5440	9	9	0.827	1	0:00:16.765225
5445	7	7	0.778	1	0:00:16.768913
5450	5	5	0.477	1	0:00:16.765600
5455	9	1	0.413	0	0:00:16.764311
5460	0	0	0.953	1	0:00:16.762027
5465	7	7	0.42	1	0:00:16.771243
5470	1	1	0.953	1	0:00:16.764677
5475	0	0	0.953	1	0:00:16.769963
5480	1	1	0.679	1	0:00:16.776412
5485	8	8	0.819	1	0:00:16.761858
5490	3	3	0.131	1	0:00:16.765321
5495	4	4	0.487	1	0:00:16.768707
5500	8	8	0.301	1	0:00:16.757794
5505	4	4	0.704	1	0:00:16.762488
5510	4	4	0.374	1	0:00:16.756648
5515	4	4	0.00282	1	0:00:16.760530
5520	4	4	0.182	1	0:00:16.765304
5525	3	3	0.268	1	0:00:16.777855
5530	3	-1	0.0	0	0:00:16.761390
5535	3	3	0.542	1	0:00:16.773019
5540	5	5	0.265	1	0:00:16.763575
5545	6	6	0.81	1	0:00:16.766318
5550	5	5	0.46	1	0:00:16.774319
5555	4	-1	0.0	0	0:00:16.774690
5560	3	5	0.126	0	0:00:16.759507
5565	3	-1	0.0	0	0:00:16.767299
5570	5	5	0.593	1	0:00:16.775156
5575	3	5	0.168	0	0:00:16.774405
5580	5	-1	0.0	0	0:00:16.763309
5585	0	0	0.886	1	0:00:16.779929
5590	4	4	0.105	1	0:00:16.776767
5595	6	6	0.218	1	0:00:16.770702
5600	6	6	0.435	1	0:00:16.763473
5605	3	-1	0.0	0	0:00:16.773849
5610	8	8	0.1	1	0:00:16.767917
5615	5	5	0.468	1	0:00:16.774912
5620	3	6	0.352	0	0:00:16.762867
5625	5	5	0.712	1	0:00:16.768368
5630	3	3	0.0626	1	0:00:16.750703
5635	7	7	0.592	1	0:00:16.770641
5640	2	-1	0.0	0	0:00:16.772433
5645	5	5	0.315	1	0:00:16.766443
5650	5	7	0.0194	0	0:00:16.776518
5655	3	3	0.183	1	0:00:16.762587
5660	9	9	0.154	1	0:00:16.767251
5665	2	0	0.431	0	0:00:16.764637
5670	4	4	0.488	1	0:00:16.775995
5675	7	7	0.65	1	0:00:16.780941
5680	2	2	0.307	1	0:00:16.776863
5685	1	1	0.877	1	0:00:16.778789
5690	7	5	0.217	0	0:00:16.781020
5695	7	7	0.953	1	0:00:16.767775
5700	3	5	0.109	0	0:00:16.774293
5705	2	2	0.0716	1	0:00:16.775429
5710	6	6	0.227	1	0:00:16.766463
5715	6	6	0.905	1	0:00:16.776471
5720	9	9	0.935	1	0:00:16.770537
5725	5	3	0.359	0	0:00:16.772552
5730	5	4	0.0636	0	0:00:16.774226
5735	0	0	0.953	1	0:00:16.773564
5740	6	2	0.108	0	0:00:16.772341
5745	5	5	0.192	1	0:00:16.762057
5750	6	6	0.485	1	0:00:16.769774
5755	4	4	0.138	1	0:00:16.762379
5760	2	2	0.279	1	0:00:16.765113
5765	9	9	0.496	1	0:00:16.765369
5770	8	8	0.922	1	0:00:16.765694
5775	7	7	0.307	1	0:00:16.771530
5780	7	7	0.953	1	0:00:16.760850
5785	2	2	0.892	1	0:00:16.784784
5790	9	9	0.869	1	0:00:16.764080
5795	7	4	0.0781	0	0:00:16.762752
5800	2	2	0.337	1	0:00:16.749355
5805	1	1	0.575	1	0:00:16.777638
5810	5	5	0.886	1	0:00:16.766434
5815	3	5	0.0226	0	0:00:16.767957
5820	5	5	0.627	1	0:00:16.766575
5825	3	6	0.128	0	0:00:16.771127
5830	5	6	0.42	0	0:00:16.765409
5835	3	-1	0.0	0	0:00:16.760198
5840	2	2	0.298	1	0:00:16.761656
5845	5	5	0.953	1	0:00:16.765625
5850	6	2	0.0773	0	0:00:16.763228
5855	7	2	0.5	0	0:00:16.770142
5860	0	0	0.427	1	0:00:16.763801
5865	6	6	0.337	1	0:00:16.768635
5870	7	7	0.222	1	0:00:16.779664
5875	1	1	0.898	1	0:00:16.778504
5880	0	0	0.913	1	0:00:16.774835
5885	4	4	0.694	1	0:00:16.761618
5890	3	-1	0.0	0	0:00:16.783380
5895	6	6	0.892	1	0:00:16.765147
5900	4	-1	0.0	0	0:00:16.770564
5905	1	1	0.873	1	0:00:16.769634
5910	2	5	0.461	0	0:00:16.771954
5915	5	6	0.00723	0	0:00:16.777353
5920	8	8	0.953	1	0:00:16.779228
5925	3	-1	0.0	0	0:00:16.764337
5930	5	2	0.237	0	0:00:16.773287
5935	6	6	0.814	1	0:00:16.764125
5940	7	7	0.0122	1	0:00:16.762810
5945	9	9	0.49	1	0:00:16.784684
5950	9	9	0.268	1	0:00:16.765512
5955	5	4	0.0465	0	0:00:16.771931
5960	2	6	0.23	0	0:00:16.775329
5965	7	7	0.953	1	0:00:16.779218
5970	1	1	0.935	1	0:00:16.762904
5975	9	9	0.953	1	0:00:16.779080
5980	9	9	0.935	1	0:00:16.774082
5985	4	4	0.371	1	0:00:16.777228
5990	8	8	0.38	1	0:00:16.768960
5995	0	0	0.663	1	0:00:16.766010
6000	8	8	0.407	1	0:00:16.766619
6005	4	4	0.351	1	0:00:16.777859
6010	1	2	0.459	0	0:00:16.770101
6015	0	8	0.23	0	0:00:16.773911
6020	6	6	0.467	1	0:00:16.785068
6025	6	6	0.108	1	0:00:16.760362
6030	8	8	0.515	1	0:00:16.767240
6035	5	3	0.207	0	0:00:16.764643
6040	2	7	0.627	0	0:00:16.767797
6045	8	8	0.913	1	0:00:16.771556
6050	2	6	0.0703	0	0:00:16.772269
6055	0	0	0.35	1	0:00:16.761971
6060	3	4	0.258	0	0:00:16.762280
6065	5	5	0.128	1	0:00:16.757679
6070	8	8	0.406	1	0:00:16.770109
6075	3	6	0.328	0	0:00:16.760925
6080	1	1	0.621	1	0:00:16.771973
6085	2	2	0.0117	1	0:00:16.772533
6090	1	1	0.805	1	0:00:16.772898
6095	9	9	0.0913	1	0:00:16.770720
6100	1	1	0.877	1	0:00:16.769055
6105	0	0	0.953	1	0:00:16.757849
6110	9	9	0.953	1	0:00:16.782206
6115	8	8	0.761	1	0:00:16.743741
6120	5	5	0.577	1	0:00:16.767887
6125	8	8	0.531	1	0:00:16.763749
6130	1	1	0.43	1	0:00:16.757539
6135	3	3	0.0233	1	0:00:16.773196
6140	9	9	0.892	1	0:00:16.770179
6145	2	3	0.219	0	0:00:16.779561
6150	1	1	0.41	1	0:00:16.767956
6155	8	8	0.953	1	0:00:16.767004
6160	2	2	0.0166	1	0:00:16.778849
6165	5	5	0.00826	1	0:00:16.768761
6170	2	2	0.422	1	0:00:16.771961
6175	3	6	0.341	0	0:00:16.766882
6180	0	0	0.458	1	0:00:16.776920
6185	5	-1	0.0	0	0:00:16.784080
6190	4	4	0.399	1	0:00:16.776955
6195	1	1	0.613	1	0:00:16.775612
6200	3	3	0.176	1	0:00:16.778131
6205	1	1	0.865	1	0:00:16.774868
6210	4	2	0.0488	0	0:00:16.785654
6215	2	2	0.21	1	0:00:16.787711
6220	2	5	0.229	0	0:00:16.784626
6225	3	3	0.324	1	0:00:16.778559
6230	2	2	0.567	1	0:00:16.768960
6235	6	6	0.517	1	0:00:16.766680
6240	2	2	0.563	1	0:00:16.774311
6245	6	6	0.617	1	0:00:16.774920
6250	4	7	0.00253	0	0:00:16.780261
6255	6	6	0.25	1	0:00:16.776465
6260	2	2	0.407	1	0:00:16.769063
6265	4	4	0.593	1	0:00:16.765925
6270	2	6	0.16	0	0:00:16.774761
6275	9	9	0.412	1	0:00:16.779266
6280	8	8	0.0846	1	0:00:16.773535
6285	8	0	0.15	0	0:00:16.764697
6290	9	1	0.232	0	0:00:16.767858
6295	8	8	0.451	1	0:00:16.771980
6300	1	1	0.65	1	0:00:16.779325
6305	6	-1	0.0	0	0:00:16.773410
6310	5	5	0.953	1	0:00:16.774667
6315	6	6	0.0822	1	0:00:16.769092
6320	0	0	0.335	1	0:00:16.758741
6325	7	7	0.953	1	0:00:16.766847
6330	6	6	0.699	1	0:00:16.772590
6335	2	2	0.785	1	0:00:16.769866
6340	3	3	0.157	1	0:00:16.763582
6345	3	-1	0.0	0	0:00:16.756319
6350	0	0	0.953	1	0:00:16.771488
6355	0	0	0.77	1	0:00:16.774041
6360	2	2	0.134	1	0:00:16.768759
6365	7	7	0.346	1	0:00:16.765285
6370	6	3	0.197	0	0:00:16.765739
6375	3	-1	0.0	0	0:00:16.779944
6380	3	-1	0.0	0	0:00:16.774714
6385	5	5	0.446	1	0:00:16.769859
6390	7	7	0.953	1	0:00:16.770426
6395	8	8	0.743	1	0:00:16.757723
6400	0	0	0.072	1	0:00:16.772365
6405	1	1	0.337	1	0:00:16.764937
6410	1	1	0.953	1	0:00:16.765339
6415	1	1	0.434	1	0:00:16.769789
6420	7	7	0.935	1	0:00:16.764264
6425	2	2	0.715	1	0:00:16.759832
6430	1	1	0.187	1	0:00:16.757780
6435	9	9	0.953	1	0:00:16.772608
6440	3	6	0.338	0	0:00:16.768511
6445	1	1	0.697	1	0:00:16.767069
6450	0	0	0.953	1	0:00:16.772489
6455	6	6	0.304	1	0:00:16.758253
6460	3	3	0.512	1	0:00:16.777238
6465	3	3	0.722	1	0:00:16.770918
6470	1	1	0.662	1	0:00:16.766736
6475	2	7	0.0969	0	0:00:16.782756
6480	0	0	0.541	1	0:00:16.772738
6485	9	9	0.922	1	0:00:16.775751
6490	8	-1	0.0	0	0:00:16.776133
6495	7	7	0.664	1	0:00:16.780561
6500	7	4	0.000175	0	0:00:16.783561
6505	4	-1	0.0	0	0:00:16.770564
6510	4	3	0.195	0	0:00:16.774330
6515	2	2	0.287	1	0:00:16.773052
6520	6	6	0.0821	1	0:00:16.762584
6525	3	3	0.351	1	0:00:16.778487
6530	3	3	0.416	1	0:00:16.777650
6535	5	5	0.525	1	0:00:16.782123
6540	8	8	0.852	1	0:00:16.779029
6545	9	0	0.807	0	0:00:16.786565
6550	1	1	0.669	1	0:00:16.780495
6555	1	1	0.953	1	0:00:16.775046
6560	6	6	0.612	1	0:00:16.774527
6565	9	9	0.125	1	0:00:16.780591
6570	9	9	0.0287	1	0:00:16.778171
6575	3	3	0.321	1	0:00:16.781774
6580	1	1	0.339	1	0:00:16.773122
6585	1	1	0.953	1	0:00:16.776035
6590	5	7	0.141	0	0:00:16.774357
6595	2	2	0.665	1	0:00:16.762687
6600	7	7	0.953	1	0:00:16.786524
6605	6	2	0.041	0	0:00:16.781893
6610	8	8	0.803	1	0:00:16.775403
6615	7	7	0.192	1	0:00:16.778237
6620	7	7	0.768	1	0:00:16.775206
6625	4	2	0.031	0	0:00:16.767688
6630	7	7	0.691	1	0:00:16.766235
6635	6	3	0.0229	0	0:00:16.771023
6640	5	3	0.793	0	0:00:16.765826
6645	6	6	0.237	1	0:00:16.777559
6650	0	0	0.151	1	0:00:16.774858
6655	1	1	0.235	1	0:00:16.772080
6660	0	0	0.953	1	0:00:16.776053
6665	4	4	0.165	1	0:00:16.775179
6670	3	-1	0.0	0	0:00:16.772991
6675	2	2	0.862	1	0:00:16.772246
6680	3	5	0.403	0	0:00:16.771651
6685	1	1	0.154	1	0:00:16.774227
6690	5	5	0.604	1	0:00:16.775486
6695	4	4	0.245	1	0:00:16.766259
6700	6	6	0.754	1	0:00:16.784554
6705	3	-1	0.0	0	0:00:16.767781
6710	3	3	0.746	1	0:00:16.773300
6715	2	6	0.147	0	0:00:16.773993
6720	2	2	0.103	1	0:00:16.759365
6725	8	8	0.953	1	0:00:16.771103
6730	8	-1	0.0	0	0:00:16.774094
6735	9	9	0.456	1	0:00:16.770227
6740	2	2	0.407	1	0:00:16.761708
6745	7	7	0.53	1	0:00:16.775882
6750	4	3	0.362	0	0:00:16.770327
6755	9	9	0.36	1	0:00:16.778010
6760	5	5	0.935	1	0:00:16.770297
6765	8	8	0.321	1	0:00:16.780918
6770	1	1	0.811	1	0:00:16.776949
6775	0	0	0.522	1	0:00:16.758760
6780	7	7	0.775	1	0:00:16.773474
6785	6	6	0.343	1	0:00:16.772404
6790	7	5	0.0206	0	0:00:16.766338
6795	9	9	0.176	1	0:00:16.768554
6800	6	6	0.0167	1	0:00:16.766073
6805	1	1	0.723	1	0:00:16.767074
6810	8	8	0.881	1	0:00:16.765744
6815	0	0	0.953	1	0:00:16.766869
6820	1	1	0.953	1	0:00:16.752565
6825	3	3	0.459	1	0:00:16.768359
6830	1	1	0.0923	1	0:00:16.754380
6835	5	5	0.173	1	0:00:16.779335
6840	9	9	0.355	1	0:00:16.778717
6845	2	0	0.0445	0	0:00:16.764165
6850	6	6	0.351	1	0:00:16.773443
6855	4	4	0.0856	1	0:00:16.769391
6860	0	0	0.506	1	0:00:16.775142
6865	3	3	0.298	1	0:00:16.767849
6870	7	5	0.243	0	0:00:16.772416
6875	5	5	0.852	1	0:00:16.779447
6880	2	2	0.215	1	0:00:16.780896
6885	0	0	0.752	1	0:00:16.777717
6890	5	5	0.535	1	0:00:16.782773
6895	2	2	0.675	1	0:00:16.779278
6900	3	3	0.375	1	0:00:16.779845
6905	2	2	0.0676	1	0:00:16.776839
6910	7	7	0.785	1	0:00:16.771090
6915	1	1	0.143	1	0:00:16.770403
6920	5	4	0.078	0	0:00:16.765411
6925	2	2	0.77	1	0:00:16.777842
6930	2	0	0.591	0	0:00:16.771126
6935	7	7	0.287	1	0:00:16.773329
6940	1	1	0.953	1	0:00:16.769608
6945	5	5	0.254	1	0:00:16.779007
6950	8	0	0.218	0	0:00:16.784794
6955	7	7	0.718	1	0:00:16.763796
6960	9	9	0.0767	1	0:00:16.771304
6965	6	3	0.048	0	0:00:16.778677
6970	0	0	0.42	1	0:00:16.765416
6975	8	1	0.164	0	0:00:16.778220
6980	0	0	0.387	1	0:00:16.774200
6985	0	8	0.0599	0	0:00:16.767497
6990	3	3	0.953	1	0:00:16.773862
6995	1	1	0.45	1	0:00:16.779187
7000	2	8	0.12	0	0:00:16.786412
7005	1	1	0.177	1	0:00:16.777122
7010	0	0	0.935	1	0:00:16.774455
7015	3	5	0.137	0	0:00:16.774937
7020	7	7	0.953	1	0:00:16.783376
7025	6	6	0.805	1	0:00:16.783711
7030	8	8	0.737	1	0:00:16.782917
7035	1	9	0.647	0	0:00:16.791219
7040	7	-1	0.0	0	0:00:16.783183
7045	3	3	0.297	1	0:00:16.778065
7050	8	8	0.892	1	0:00:16.772464
7055	8	0	0.0996	0	0:00:16.790596
7060	8	8	0.447	1	0:00:16.776404
7065	2	2	0.0799	1	0:00:16.782411
7070	7	7	0.419	1	0:00:16.783859
7075	9	9	0.795	1	0:00:16.781500
7080	5	4	0.151	0	0:00:16.777220
7085	5	-1	0.0	0	0:00:16.791818
7090	2	-1	0.0	0	0:00:16.781088
7095	4	2	0.00412	0	0:00:16.772810
7100	9	3	0.131	0	0:00:16.779471
7105	3	3	0.585	1	0:00:16.778221
7110	3	3	0.493	1	0:00:16.779841
7115	0	0	0.953	1	0:00:16.777156
7120	7	7	0.195	1	0:00:16.776787
7125	5	5	0.202	1	0:00:16.780899
7130	6	6	0.724	1	0:00:16.776208
7135	4	4	0.343	1	0:00:16.771432
7140	4	-1	0.0	0	0:00:16.775847
7145	3	3	0.0989	1	0:00:16.763114
7150	3	-1	0.0	0	0:00:16.761436
7155	9	9	0.472	1	0:00:16.762439
7160	5	5	0.548	1	0:00:16.783889
7165	0	0	0.685	1	0:00:16.762794
7170	9	9	0.43	1	0:00:16.777480
7175	7	7	0.181	1	0:00:16.776464
7180	6	6	0.478	1	0:00:16.774769
7185	8	8	0.0854	1	0:00:16.764077
7190	2	2	0.717	1	0:00:16.765264
7195	7	7	0.344	1	0:00:16.765988
7200	4	4	0.194	1	0:00:16.764696
7205	6	6	0.211	1	0:00:16.776879
7210	3	-1	0.0	0	0:00:16.778080
7215	1	1	0.953	1	0:00:16.777117
7220	9	9	0.0886	1	0:00:16.772564
7225	1	1	0.913	1	0:00:16.766509
7230	2	2	0.881	1	0:00:16.776827
7235	2	2	0.296	1	0:00:16.776278
7240	0	0	0.292	1	0:00:16.784103
7245	4	4	0.414	1	0:00:16.773788
7250	8	8	0.457	1	0:00:16.763689
7255	3	6	0.0592	0	0:00:16.770982
7260	1	1	0.746	1	0:00:16.768436
7265	5	5	0.262	1	0:00:16.776273
7270	9	9	0.76	1	0:00:16.771217
7275	3	-1	0.0	0	0:00:16.773002
7280	1	9	0.175	0	0:00:16.768425
7285	1	1	0.0632	1	0:00:16.770808
7290	6	-1	0.0	0	0:00:16.779025
7295	5	5	0.953	1	0:00:16.774895
7300	3	-1	0.0	0	0:00:16.779689
7305	6	6	0.142	1	0:00:16.771157
7310	3	5	0.29	0	0:00:16.775414
7315	0	0	0.0586	1	0:00:16.777918
7320	8	0	0.404	0	0:00:16.773713
7325	4	4	0.578	1	0:00:16.760785
7330	5	-1	0.0	0	0:00:16.768409
7335	4	4	0.953	1	0:00:16.760046
7340	2	2	0.203	1	0:00:16.772421
7345	6	6	0.777	1	0:00:16.764772
7350	9	9	0.0844	1	0:00:16.775158
7355	7	7	0.787	1	0:00:16.777447
7360	2	7	0.0545	0	0:00:16.768779
7365	4	4	0.224	1	0:00:16.753325
7370	3	8	0.063	0	0:00:16.777345
7375	2	4	0.218	0	0:00:16.762291
7380	7	7	0.743	1	0:00:16.777563
7385	9	9	0.935	1	0:00:16.762740
7390	6	-1	0.0	0	0:00:16.768463
7395	2	5	0.124	0	0:00:16.761345
7400	3	5	0.307	0	0:00:16.759895
7405	7	7	0.898	1	0:00:16.770623
7410	4	6	0.228	0	0:00:16.772348
7415	3	3	0.357	1	0:00:16.749425
7420	3	0	0.0482	0	0:00:16.759109
7425	2	2	0.171	1	0:00:16.766276
7430	2	2	0.127	1	0:00:16.767391
7435	7	7	0.266	1	0:00:16.771774
7440	3	3	0.158	1	0:00:16.775542
7445	6	6	0.163	1	0:00:16.771344
7450	1	1	0.953	1	0:00:16.780454
7455	1	9	0.517	0	0:00:16.784842
7460	5	5	0.935	1	0:00:16.771389
7465	0	0	0.212	1	0:00:16.773196
7470	9	9	0.417	1	0:00:16.769562
7475	3	3	0.587	1	0:00:16.775088
7480	1	8	0.364	0	0:00:16.781630
7485	8	8	0.747	1	0:00:16.774165
7490	4	4	0.567	1	0:00:16.770272
7495	7	7	0.756	1	0:00:16.778930
7500	6	6	0.953	1	0:00:16.769323
7505	7	7	0.953	1	0:00:16.775727
7510	8	8	0.582	1	0:00:16.782805
7515	8	8	0.379	1	0:00:16.775091
7520	4	4	0.474	1	0:00:16.774502
7525	8	8	0.953	1	0:00:16.770901
7530	2	2	0.0219	1	0:00:16.763321
7535	1	1	0.683	1	0:00:16.769832
7540	5	5	0.953	1	0:00:16.782361
7545	5	3	0.239	0	0:00:16.775322
7550	4	4	0.813	1	0:00:16.778466
7555	1	1	0.953	1	0:00:16.774076
7560	0	0	0.421	1	0:00:16.779396
7565	1	1	0.877	1	0:00:16.789560
7570	1	1	0.935	1	0:00:16.786917
7575	8	8	0.556	1	0:00:16.784434
7580	8	8	0.319	1	0:00:16.776503
7585	6	6	0.953	1	0:00:16.783427
7590	2	4	0.29	0	0:00:16.774003
7595	1	1	0.205	1	0:00:16.772849
7600	8	-1	0.0	0	0:00:16.779166
7605	2	2	0.0401	1	0:00:16.779084
7610	7	7	0.467	1	0:00:16.774370
7615	5	5	0.184	1	0:00:16.781034
7620	5	-1	0.0	0	0:00:16.781056
7625	7	7	0.605	1	0:00:16.783735
7630	9	9	0.837	1	0:00:16.772608
7635	9	9	0.476	1	0:00:16.778700
7640	9	9	0.00184	1	0:00:16.770645
7645	0	0	0.163	1	0:00:16.781200
7650	2	2	0.588	1	0:00:16.771188
7655	8	8	0.554	1	0:00:16.763784
7660	7	7	0.626	1	0:00:16.779247
7665	9	9	0.178	1	0:00:16.780741
7670	2	2	0.169	1	0:00:16.770773
7675	8	8	0.209	1	0:00:16.785432
7680	3	5	0.155	0	0:00:16.770661
7685	9	9	0.0429	1	0:00:16.776055
7690	6	6	0.57	1	0:00:16.783725
7695	8	8	0.645	1	0:00:16.773494
7700	6	6	0.758	1	0:00:16.774573
7705	7	4	0.025	0	0:00:16.780193
7710	9	9	0.51	1	0:00:16.782903
7715	1	1	0.953	1	0:00:16.779237
7720	5	5	0.0111	1	0:00:16.763268
7725	4	4	0.429	1	0:00:16.787743
7730	4	-1	0.0	0	0:00:16.769773
7735	4	0	0.04	0	0:00:16.779418
7740	4	2	0.0243	0	0:00:16.774971
7745	7	7	0.735	1	0:00:16.781807
7750	3	4	0.202	0	0:00:16.781399
7755	7	7	0.886	1	0:00:16.765438
7760	2	9	0.178	0	0:00:16.781954
7765	8	8	0.844	1	0:00:16.774442
7770	9	9	0.953	1	0:00:16.780221
7775	2	2	0.17	1	0:00:16.766934
7780	3	8	0.131	0	0:00:16.770403
7785	4	2	0.117	0	0:00:16.767908
7790	8	8	0.362	1	0:00:16.770052
7795	5	6	0.0455	0	0:00:16.780624
7800	0	0	0.751	1	0:00:16.768673
7805	9	9	0.194	1	0:00:16.768422
7810	6	6	0.598	1	0:00:16.774907
7815	0	8	0.0463	0	0:00:16.768180
7820	5	5	0.133	1	0:00:16.758957
7825	3	3	0.66	1	0:00:16.771441
7830	2	-1	0.0	0	0:00:16.765181
7835	0	0	0.953	1	0:00:16.762792
7840	1	1	0.953	1	0:00:16.775414
7845	2	2	0.786	1	0:00:16.776055
7850	0	0	0.573	1	0:00:16.769059
7855	2	2	0.119	1	0:00:16.775033
7860	8	8	0.559	1	0:00:16.771138
7865	3	3	0.0584	1	0:00:16.775363
7870	6	6	0.225	1	0:00:16.768857
7875	2	6	0.134	0	0:00:16.773459
7880	0	0	0.291	1	0:00:16.763818
7885	3	3	0.163	1	0:00:16.764506
7890	6	6	0.827	1	0:00:16.776223
7895	4	6	0.0243	0	0:00:16.783576
7900	0	-1	0.0	0	0:00:16.779857
7905	3	3	0.238	1	0:00:16.778699
7910	3	3	0.0218	1	0:00:16.769776
7915	3	3	0.535	1	0:00:16.767286
7920	9	9	0.514	1	0:00:16.772648
7925	0	0	0.953	1	0:00:16.772035
7930	2	2	0.0625	1	0:00:16.783331
7935	7	7	0.176	1	0:00:16.774307
7940	2	-1	0.0	0	0:00:16.776763
7945	6	6	0.334	1	0:00:16.774460
7950	9	9	0.835	1	0:00:16.781979
7955	9	9	0.764	1	0:00:16.771241
7960	0	0	0.131	1	0:00:16.780580
7965	7	7	0.913	1	0:00:16.782663
7970	3	3	0.257	1	0:00:16.782830
7975	2	-1	0.0	0	0:00:16.798197
7980	3	3	0.422	1	0:00:16.785434
7985	5	5	0.191	1	0:00:16.767919
7990	0	-1	0.0	0	0:00:16.774815
7995	8	8	0.898	1	0:00:16.770381
8000	9	9	0.935	1	0:00:16.780946
8005	1	1	0.873	1	0:00:16.780520
8010	2	-1	0.0	0	0:00:16.786901
8015	8	8	0.076	1	0:00:16.768571
8020	6	3	0.465	0	0:00:16.775090
8025	5	5	0.396	1	0:00:16.773084
8030	2	2	0.554	1	0:00:16.787464
8035	1	1	0.892	1	0:00:16.779178
8040	2	2	0.811	1	0:00:16.771958
8045	5	5	0.544	1	0:00:16.779630
8050	7	7	0.684	1	0:00:16.777434
8055	2	2	0.064	1	0:00:16.759723
8060	6	6	0.811	1	0:00:16.765910
8065	9	9	0.228	1	0:00:16.786384
8070	5	5	0.873	1	0:00:16.769500
8075	8	8	0.428	1	0:00:16.774917
8080	4	4	0.237	1	0:00:16.767144
8085	2	2	0.319	1	0:00:16.778013
8090	6	-1	0.0	0	0:00:16.776463
8095	2	2	0.35	1	0:00:16.771023
8100	6	6	0.246	1	0:00:16.785757
8105	0	0	0.274	1	0:00:16.776724
8110	5	6	0.348	0	0:00:16.767970
8115	5	-1	0.0	0	0:00:16.779771
8120	8	9	0.0718	0	0:00:16.767817
8125	8	8	0.675	1	0:00:16.773814
8130	6	6	0.31	1	0:00:16.770440
8135	7	3	0.18	0	0:00:16.778345
8140	5	-1	0.0	0	0:00:16.757230
8145	9	9	0.473	1	0:00:16.774393
8150	6	6	0.953	1	0:00:16.773695
8155	1	1	0.953	1	0:00:16.775942
8160	6	6	0.922	1	0:00:16.779264
8165	1	1	0.679	1	0:00:16.783982
8170	5	5	0.757	1	0:00:16.769576
8175	3	6	0.0799	0	0:00:16.766089
8180	4	4	0.318	1	0:00:16.767389
8185	0	0	0.59	1	0:00:16.776618
8190	4	6	0.204	0	0:00:16.779756
8195	8	8	0.77	1	0:00:16.769452
8200	3	4	0.0986	0	0:00:16.775417
8205	2	2	0.473	1	0:00:16.769287
8210	0	0	0.953	1	0:00:16.766172
8215	1	1	0.668	1	0:00:16.775728
8220	6	-1	0.0	0	0:00:16.775953
8225	9	9	0.57	1	0:00:16.763742
8230	0	0	0.953	1	0:00:16.771750
8235	7	7	0.953	1	0:00:16.788142
8240	7	7	0.835	1	0:00:16.783808
8245	3	3	0.0841	1	0:00:16.775744
8250	6	6	0.865	1	0:00:16.772871
8255	9	9	0.627	1	0:00:16.773540
8260	1	1	0.788	1	0:00:16.784367
8265	0	0	0.842	1	0:00:16.774221
8270	6	6	0.865	1	0:00:16.776037
8275	3	5	0.0386	0	0:00:16.777005
8280	4	4	0.251	1	0:00:16.779217
8285	9	9	0.49	1	0:00:16.767394
8290	8	8	0.0438	1	0:00:16.773822
8295	3	2	0.0653	0	0:00:16.776155
8300	5	-1	0.0	0	0:00:16.774563
8305	4	4	0.106	1	0:00:16.757078
8310	3	3	0.715	1	0:00:16.771580
8315	6	6	0.37	1	0:00:16.752502
8320	7	7	0.0804	1	0:00:16.771046
8325	8	2	0.116	0	0:00:16.768145
8330	5	5	0.953	1	0:00:16.782434
8335	7	-1	0.0	0	0:00:16.770670
8340	5	3	0.239	0	0:00:16.770478
8345	9	9	0.163	1	0:00:16.765750
8350	9	9	0.212	1	0:00:16.772253
8355	9	9	0.953	1	0:00:16.771646
8360	7	7	0.953	1	0:00:16.768002
8365	6	6	0.953	1	0:00:16.770361
8370	4	2	0.0631	0	0:00:16.775480
8375	4	4	0.101	1	0:00:16.773273
8380	9	9	0.935	1	0:00:16.774469
8385	9	9	0.451	1	0:00:16.775548
8390	1	1	0.779	1	0:00:16.777079
8395	1	1	0.795	1	0:00:16.776415
8400	0	0	0.615	1	0:00:16.768534
8405	0	-1	0.0	0	0:00:16.773614
8410	5	5	0.0967	1	0:00:16.769840
8415	0	0	0.774	1	0:00:16.772980
8420	3	6	0.388	0	0:00:16.773382
8425	6	2	0.17	0	0:00:16.760186
8430	9	9	0.849	1	0:00:16.769886
8435	3	3	0.174	1	0:00:16.776386
8440	5	5	0.317	1	0:00:16.773813
8445	1	1	0.898	1	0:00:16.773401
8450	9	-1	0.0	0	0:00:16.763224
8455	1	1	0.953	1	0:00:16.780244
8460	8	8	0.743	1	0:00:16.775404
8465	9	9	0.513	1	0:00:16.779684
8470	8	8	0.275	1	0:00:16.784962
8475	9	9	0.0913	1	0:00:16.776132
8480	2	2	0.326	1	0:00:16.781458
8485	0	0	0.953	1	0:00:16.762013
8490	3	5	0.468	0	0:00:16.778616
8495	1	1	0.705	1	0:00:16.785951
8500	4	4	0.639	1	0:00:16.783365
8505	5	5	0.444	1	0:00:16.780651
8510	7	7	0.953	1	0:00:16.792014
8515	8	8	0.898	1	0:00:16.785303
8520	8	1	0.149	0	0:00:16.770269
8525	3	3	0.239	1	0:00:16.786042
8530	8	8	0.559	1	0:00:16.780145
8535	7	5	0.232	0	0:00:16.781693
8540	4	4	0.0104	1	0:00:16.783839
8545	6	6	0.199	1	0:00:16.783032
8550	1	1	0.617	1	0:00:16.785223
8555	5	5	0.355	1	0:00:16.780954
8560	7	7	0.905	1	0:00:16.790893
8565	7	7	0.496	1	0:00:16.784707
8570	6	6	0.393	1	0:00:16.775101
8575	9	9	0.676	1	0:00:16.775112
8580	3	5	0.603	0	0:00:16.782595
8585	9	1	0.0538	0	0:00:16.773609
8590	0	0	0.877	1	0:00:16.783441
8595	1	1	0.473	1	0:00:16.780161
8600	3	3	0.0343	1	0:00:16.781837
8605	6	6	0.645	1	0:00:16.779735
8610	2	2	0.281	1	0:00:16.785590
8615	9	9	0.922	1	0:00:16.780761
8620	3	-1	0.0	0	0:00:16.797537
8625	5	5	0.328	1	0:00:16.783135
8630	5	5	0.873	1	0:00:16.776916
8635	6	6	0.348	1	0:00:16.777149
8640	1	1	0.252	1	0:00:16.775690
8645	1	1	0.744	1	0:00:16.775127
8650	2	5	0.267	0	0:00:16.780954
8655	8	8	0.935	1	0:00:16.774354
8660	7	7	0.784	1	0:00:16.777878
8665	3	3	0.258	1	0:00:16.779891
8670	9	6	0.139	0	0:00:16.773367
8675	7	7	0.239	1	0:00:16.775585
8680	3	-1	0.0	0	0:00:16.779309
8685	7	7	0.611	1	0:00:16.782367
8690	8	0	0.177	0	0:00:16.776180
8695	4	4	0.458	1	0:00:16.772140
8700	3	3	0.125	1	0:00:16.770897
8705	6	6	0.271	1	0:00:16.773233
8710	7	7	0.298	1	0:00:16.769978
8715	2	2	0.656	1	0:00:16.771763
8720	2	0	0.898	0	0:00:16.763697
8725	8	8	0.922	1	0:00:16.772864
8730	2	-1	0.0	0	0:00:16.777420
8735	3	-1	0.0	0	0:00:16.767974
8740	2	2	0.236	1	0:00:16.765979
8745	5	5	0.563	1	0:00:16.779725
8750	9	9	0.953	1	0:00:16.769888
8755	6	6	0.622	1	0:00:16.774928
8760	8	8	0.913	1	0:00:16.773229
8765	2	2	0.205	1	0:00:16.775527
8770	6	-1	0.0	0	0:00:16.769868
8775	1	1	0.136	1	0:00:16.767496
8780	4	4	0.38	1	0:00:16.763193
8785	8	8	0.652	1	0:00:16.765244
8790	0	0	0.124	1	0:00:16.778176
8795	0	0	0.953	1	0:00:16.762598
8800	0	0	0.892	1	0:00:16.770583
8805	9	9	0.953	1	0:00:16.767900
8810	2	-1	0.0	0	0:00:16.765419
8815	3	5	0.736	0	0:00:16.774485
8820	2	2	0.869	1	0:00:16.780579
8825	0	8	0.406	0	0:00:16.784759
8830	9	9	0.881	1	0:00:16.776125
8835	7	7	0.807	1	0:00:16.775493
8840	2	5	0.0962	0	0:00:16.779700
8845	2	2	0.796	1	0:00:16.788464
8850	1	9	0.0986	0	0:00:16.779873
8855	4	-1	0.0	0	0:00:16.784274
8860	2	2	0.689	1	0:00:16.781506
8865	7	7	0.629	1	0:00:16.779048
8870	5	5	0.577	1	0:00:16.781336
8875	8	8	0.558	1	0:00:16.782463
8880	1	1	0.823	1	0:00:16.779081
8885	3	3	0.557	1	0:00:16.780178
8890	8	8	0.762	1	0:00:16.773030
8895	0	0	0.953	1	0:00:16.785010
8900	2	2	0.264	1	0:00:16.780219
8905	8	8	0.519	1	0:00:16.778816
8910	1	1	0.306	1	0:00:16.773750
8915	9	9	0.8	1	0:00:16.777350
8920	6	6	0.411	1	0:00:16.777373
8925	0	0	0.873	1	0:00:16.773152
8930	3	3	0.0979	1	0:00:16.777483
8935	0	0	0.706	1	0:00:16.779457
8940	6	3	0.922	0	0:00:16.779481
8945	1	1	0.737	1	0:00:16.782957
8950	9	9	0.935	1	0:00:16.769430
8955	1	-1	0.0	0	0:00:16.768441
8960	0	0	0.406	1	0:00:16.777654
8965	4	-1	0.0	0	0:00:16.777641
8970	0	0	0.579	1	0:00:16.768386
8975	8	8	0.953	1	0:00:16.770820
8980	9	9	0.953	1	0:00:16.783920
8985	9	0	0.126	0	0:00:16.772177
8990	1	1	0.953	1	0:00:16.780432
8995	9	9	0.143	1	0:00:16.780398
9000	8	8	0.953	1	0:00:16.778906
9005	5	5	0.898	1	0:00:16.773344
9010	8	-1	0.0	0	0:00:16.764407
9015	8	8	0.486	1	0:00:16.777107
9020	7	7	0.537	1	0:00:16.774634
9025	5	5	0.735	1	0:00:16.783555
9030	2	2	0.353	1	0:00:16.780765
9035	4	5	0.229	0	0:00:16.782176
9040	2	5	0.716	0	0:00:16.783975
9045	0	0	0.953	1	0:00:16.783629
9050	5	3	0.604	0	0:00:16.768115
9055	6	6	0.886	1	0:00:16.781362
9060	9	9	0.336	1	0:00:16.783277
9065	0	0	0.262	1	0:00:16.775962
9070	2	2	0.439	1	0:00:16.780347
9075	0	0	0.953	1	0:00:16.763412
9080	3	3	0.513	1	0:00:16.778716
9085	9	9	0.0165	1	0:00:16.778612
9090	2	2	0.238	1	0:00:16.779599
9095	5	5	0.0151	1	0:00:16.773204
9100	9	1	0.158	0	0:00:16.776551
9105	8	8	0.161	1	0:00:16.772700
9110	1	1	0.653	1	0:00:16.780764
9115	8	8	0.953	1	0:00:16.771424
9120	3	-1	0.0	0	0:00:16.769556
9125	1	1	0.735	1	0:00:16.756975
9130	8	8	0.593	1	0:00:16.778245
9135	7	-1	0.0	0	0:00:16.777945
9140	7	7	0.092	1	0:00:16.775508
9145	1	1	0.254	1	0:00:16.763995
9150	6	6	0.709	1	0:00:16.769113
9155	5	5	0.715	1	0:00:16.763224
9160	5	3	0.00273	0	0:00:16.761703
9165	4	4	0.287	1	0:00:16.753499
9170	0	9	0.278	0	0:00:16.767077
9175	8	8	0.953	1	0:00:16.768909
9180	5	5	0.953	1	0:00:16.781321
9185	1	3	0.00651	0	0:00:16.773403
9190	3	5	0.243	0	0:00:16.773814
9195	6	6	0.713	1	0:00:16.777803
9200	8	8	0.323	1	0:00:16.772633
9205	4	4	0.314	1	0:00:16.764784
9210	7	7	0.766	1	0:00:16.777467
9215	5	5	0.296	1	0:00:16.774552
9220	8	8	0.905	1	0:00:16.764772
9225	5	-1	0.0	0	0:00:16.775072
9230	2	2	0.13	1	0:00:16.774907
9235	0	0	0.656	1	0:00:16.765708
9240	8	8	0.315	1	0:00:16.777246
9245	1	1	0.858	1	0:00:16.767676
9250	3	5	0.314	0	0:00:16.775147
9255	3	3	0.401	1	0:00:16.776739
9260	5	5	0.442	1	0:00:16.783651
9265	1	1	0.502	1	0:00:16.773719
9270	9	9	0.953	1	0:00:16.769072
9275	8	8	0.652	1	0:00:16.772475
9280	9	1	0.00875	0	0:00:16.772772
9285	8	8	0.779	1	0:00:16.770721
9290	4	4	0.525	1	0:00:16.771846
9295	3	3	0.432	1	0:00:16.778974
9300	5	-1	0.0	0	0:00:16.784044
9305	5	7	0.175	0	0:00:16.775081
9310	3	3	0.227	1	0:00:16.774077
9315	7	7	0.473	1	0:00:16.789535
9320	9	9	0.869	1	0:00:16.777653
9325	6	2	0.144	0	0:00:16.780731
9330	4	-1	0.0	0	0:00:16.766041
9335	4	4	0.837	1	0:00:16.790753
9340	1	1	0.953	1	0:00:16.778393
9345	1	1	0.375	1	0:00:16.783454
9350	6	6	0.292	1	0:00:16.783050
9355	6	6	0.204	1	0:00:16.773221
9360	5	0	0.274	0	0:00:16.781344
9365	6	6	0.779	1	0:00:16.781697
9370	8	3	0.213	0	0:00:16.776121
9375	3	5	0.0543	0	0:00:16.777984
9380	5	-1	0.0	0	0:00:16.785078
9385	7	5	0.502	0	0:00:16.783334
9390	7	7	0.953	1	0:00:16.787380
9395	7	7	0.953	1	0:00:16.779017
9400	6	6	0.855	1	0:00:16.779070
9405	8	8	0.935	1	0:00:16.773216
9410	5	5	0.717	1	0:00:16.776154
9415	0	4	0.379	0	0:00:16.783223
9420	5	5	0.692	1	0:00:16.785258
9425	6	6	0.304	1	0:00:16.778047
9430	6	6	0.0977	1	0:00:16.781990
9435	2	2	0.47	1	0:00:16.781091
9440	8	8	0.783	1	0:00:16.769503
9445	9	7	0.154	0	0:00:16.769825
9450	6	-1	0.0	0	0:00:16.771127
9455	1	1	0.898	1	0:00:16.772114
9460	3	7	0.119	0	0:00:16.774687
9465	5	5	0.276	1	0:00:16.784569
9470	9	9	0.814	1	0:00:16.768910
9475	2	2	0.172	1	0:00:16.766465
9480	2	2	0.394	1	0:00:16.647383
9485	7	-1	0.0	0	0:00:16.582894
9490	8	8	0.548	1	0:00:16.516788
9495	0	0	0.372	1	0:00:16.447521
9500	9	9	0.489	1	0:00:16.378606
9505	3	4	0.0834	0	0:00:16.354041
9510	1	1	0.0583	1	0:00:16.317549
9515	0	0	0.0137	1	0:00:16.286744
9520	1	1	0.746	1	0:00:16.274646
9525	2	2	0.537	1	0:00:16.247711
9530	6	6	0.953	1	0:00:16.223135
9535	1	-1	0.0	0	0:00:16.224060
9540	5	5	0.49	1	0:00:16.203454
9545	9	9	0.953	1	0:00:16.188633
9550	6	6	0.842	1	0:00:16.196531
9555	4	8	0.039	0	0:00:16.188010
9560	9	7	0.0425	0	0:00:16.172862
9565	0	0	0.953	1	0:00:16.174425
9570	7	7	0.953	1	0:00:16.174529
9575	5	5	0.677	1	0:00:16.171147
9580	1	1	0.892	1	0:00:16.158734
9585	4	4	0.259	1	0:00:16.160045
9590	0	0	0.0546	1	0:00:16.159002
9595	7	7	0.358	1	0:00:16.158747
9600	8	8	0.426	1	0:00:16.158053
9605	5	5	0.55	1	0:00:16.161613
9610	4	4	0.69	1	0:00:16.157488
9615	6	6	0.449	1	0:00:16.158875
9620	4	4	0.294	1	0:00:16.162085
9625	2	2	0.502	1	0:00:16.159474
9630	6	6	0.26	1	0:00:16.158859
9635	7	7	0.145	1	0:00:16.158334
9640	5	5	0.336	1	0:00:16.158660
9645	1	1	0.953	1	0:00:16.160840
9650	8	8	0.266	1	0:00:16.160148
9655	8	8	0.645	1	0:00:16.158424
9660	6	6	0.873	1	0:00:16.159486
9665	3	5	0.158	0	0:00:16.158437
9670	1	1	0.953	1	0:00:16.157590
9675	4	4	0.313	1	0:00:16.158463
9680	8	8	0.668	1	0:00:16.157954
9685	0	0	0.123	1	0:00:16.157320
9690	4	2	0.027	0	0:00:16.157397
9695	0	0	0.819	1	0:00:16.158124
9700	0	0	0.726	1	0:00:16.157092
9705	6	6	0.146	1	0:00:16.157087
9710	7	7	0.0556	1	0:00:16.157936
9715	4	4	0.0134	1	0:00:16.160624
9720	8	-1	0.0	0	0:00:16.156203
9725	8	8	0.13	1	0:00:16.154084
9730	6	6	0.634	1	0:00:16.156076
9735	6	0	0.114	0	0:00:16.159964
9740	3	6	0.27	0	0:00:16.158419
9745	3	3	0.662	1	0:00:16.159271
9750	2	3	0.0459	0	0:00:16.158820
9755	3	2	0.262	0	0:00:16.158224
9760	9	-1	0.0	0	0:00:16.160913
9765	4	4	0.953	1	0:00:16.158640
9770	4	-1	0.0	0	0:00:16.157966
9775	9	9	0.489	1	0:00:16.157648
9780	4	4	0.0511	1	0:00:16.160209
9785	8	8	0.258	1	0:00:16.157487
9790	8	-1	0.0	0	0:00:16.159187
9795	4	2	0.0256	0	0:00:16.158117
9800	1	1	0.953	1	0:00:16.156732
9805	2	0	0.071	0	0:00:16.159411
9810	8	8	0.316	1	0:00:16.158300
9815	5	2	0.0809	0	0:00:16.157660
9820	0	8	0.233	0	0:00:16.158464
9825	2	2	0.336	1	0:00:16.157744
9830	1	1	0.209	1	0:00:16.158036
9835	7	7	0.483	1	0:00:16.158157
9840	4	7	0.858	0	0:00:16.157491
9845	9	9	0.404	1	0:00:16.158531
9850	7	4	0.644	0	0:00:16.158419
9855	7	7	0.26	1	0:00:16.157423
9860	0	-1	0.0	0	0:00:16.158668
9865	1	1	0.441	1	0:00:16.156761
9870	2	2	0.276	1	0:00:16.155982
9875	9	9	0.224	1	0:00:16.154140
9880	7	7	0.273	1	0:00:16.156271
9885	8	8	0.721	1	0:00:16.158891
9890	0	0	0.953	1	0:00:16.161017
9895	4	4	0.801	1	0:00:16.161190
9900	8	8	0.829	1	0:00:16.158133
9905	1	9	0.0985	0	0:00:16.157311
9910	4	4	0.312	1	0:00:16.161238
9915	2	2	0.953	1	0:00:16.158475
9920	6	6	0.842	1	0:00:16.159382
9925	4	4	0.447	1	0:00:16.157520
9930	8	8	0.137	1	0:00:16.156989
9935	1	1	0.953	1	0:00:16.156900
9940	4	5	0.196	0	0:00:16.155705
9945	7	7	0.619	1	0:00:16.156101
9950	3	-1	0.0	0	0:00:16.156645
9955	8	8	0.794	1	0:00:16.155375
9960	2	0	0.953	0	0:00:16.154854
9965	2	2	0.0643	1	0:00:16.154898
9970	2	4	0.452	0	0:00:16.156937
9975	7	7	0.953	1	0:00:16.154851
9980	0	0	0.953	1	0:00:16.155361
9985	5	5	0.173	1	0:00:16.155777
9990	7	7	0.953	1	0:00:16.158943
9995	8	8	0.764	1	0:00:16.157330
