idx	label	predict	radius	correct	time
0	3	3	0.226	1	0:00:15.615548
5	6	6	0.48	1	0:00:15.526616
10	0	0	0.156	1	0:00:15.636173
15	8	8	0.905	1	0:00:15.733263
20	7	7	0.217	1	0:00:15.813916
25	2	2	0.746	1	0:00:15.889483
30	6	6	0.111	1	0:00:15.949459
35	2	1	0.224	0	0:00:16.149650
40	4	4	0.286	1	0:00:16.369824
45	9	9	0.818	1	0:00:16.345856
50	9	9	0.491	1	0:00:16.482652
55	8	8	0.223	1	0:00:16.614475
60	7	7	0.913	1	0:00:16.676392
65	2	2	0.109	1	0:00:16.732050
70	2	-1	0.0	0	0:00:16.784357
75	2	2	0.73	1	0:00:16.816956
80	8	8	0.839	1	0:00:16.873284
85	5	7	0.742	0	0:00:16.912347
90	0	0	0.307	1	0:00:16.898556
95	6	6	0.3	1	0:00:16.935988
100	4	5	0.0652	0	0:00:16.962448
105	1	1	0.953	1	0:00:16.963774
110	4	-1	0.0	0	0:00:16.981585
115	3	3	0.417	1	0:00:16.987736
120	8	8	0.253	1	0:00:16.990392
125	0	2	0.033	0	0:00:17.002763
130	4	2	0.0115	0	0:00:16.976408
135	2	2	0.149	1	0:00:16.969818
140	6	6	0.162	1	0:00:16.973653
145	7	7	0.126	1	0:00:16.980911
150	8	8	0.953	1	0:00:16.947275
155	5	5	0.261	1	0:00:16.933724
160	2	2	0.517	1	0:00:16.928270
165	4	2	0.275	0	0:00:16.927425
170	9	9	0.672	1	0:00:16.926880
175	9	9	0.953	1	0:00:16.926589
180	0	0	0.447	1	0:00:16.935291
185	8	8	0.935	1	0:00:16.909132
190	5	-1	0.0	0	0:00:16.910801
195	2	2	0.13	1	0:00:16.903005
200	5	5	0.2	1	0:00:16.909022
205	3	3	0.743	1	0:00:16.915145
210	7	5	0.0411	0	0:00:16.895902
215	0	0	0.546	1	0:00:16.907687
220	7	7	0.787	1	0:00:16.896700
225	9	9	0.553	1	0:00:16.904007
230	5	5	0.953	1	0:00:16.885666
235	0	0	0.953	1	0:00:16.889128
240	1	1	0.953	1	0:00:16.888516
245	3	-1	0.0	0	0:00:16.912241
250	5	5	0.277	1	0:00:16.878185
255	0	0	0.247	1	0:00:16.887296
260	8	8	0.151	1	0:00:16.889048
265	8	8	0.922	1	0:00:16.883515
270	2	4	0.339	0	0:00:16.877716
275	5	-1	0.0	0	0:00:16.891178
280	9	9	0.449	1	0:00:16.873320
285	9	9	0.785	1	0:00:16.882389
290	1	1	0.913	1	0:00:16.873894
295	4	4	0.0466	1	0:00:16.878403
300	6	6	0.953	1	0:00:16.892461
305	1	1	0.536	1	0:00:16.870225
310	8	8	0.129	1	0:00:16.888070
315	0	0	0.862	1	0:00:16.877690
320	3	3	0.0875	1	0:00:16.892935
325	1	1	0.219	1	0:00:16.889831
330	1	1	0.821	1	0:00:16.866528
335	9	9	0.556	1	0:00:16.882673
340	2	4	0.211	0	0:00:16.868664
345	5	5	0.835	1	0:00:16.884698
350	9	9	0.468	1	0:00:16.887153
355	7	7	0.237	1	0:00:16.873582
360	9	9	0.322	1	0:00:16.889884
365	4	4	0.269	1	0:00:16.865776
370	4	4	0.142	1	0:00:16.879780
375	7	7	0.28	1	0:00:16.884351
380	6	6	0.461	1	0:00:16.874810
385	8	0	0.168	0	0:00:16.885274
390	1	1	0.858	1	0:00:16.882070
395	6	6	0.474	1	0:00:16.867609
400	9	9	0.935	1	0:00:16.894623
405	4	-1	0.0	0	0:00:16.869493
410	7	7	0.419	1	0:00:16.876153
415	9	9	0.922	1	0:00:16.887656
420	4	4	0.284	1	0:00:16.892555
425	9	9	0.913	1	0:00:16.876835
430	2	-1	0.0	0	0:00:16.897491
435	7	7	0.182	1	0:00:16.881932
440	1	1	0.892	1	0:00:16.900009
445	7	2	0.193	0	0:00:16.887692
450	2	2	0.482	1	0:00:16.891560
455	4	2	0.0281	0	0:00:16.891903
460	5	5	0.356	1	0:00:16.892235
465	4	6	0.0669	0	0:00:16.871493
470	3	3	0.342	1	0:00:16.879205
475	7	7	0.731	1	0:00:16.912529
480	8	-1	0.0	0	0:00:16.899900
485	9	-1	0.0	0	0:00:16.887507
490	1	1	0.62	1	0:00:16.893397
495	8	8	0.905	1	0:00:16.876948
500	4	6	0.0277	0	0:00:16.883561
505	4	4	0.596	1	0:00:16.882291
510	5	5	0.74	1	0:00:16.885610
515	3	3	0.0529	1	0:00:16.903208
520	5	5	0.555	1	0:00:16.894981
525	5	5	0.0692	1	0:00:16.881435
530	9	9	0.394	1	0:00:16.867613
535	6	6	0.625	1	0:00:16.888966
540	1	1	0.849	1	0:00:16.872683
545	9	9	0.652	1	0:00:16.869153
550	5	-1	0.0	0	0:00:16.879323
555	4	8	0.154	0	0:00:16.881440
560	0	0	0.953	1	0:00:16.881171
565	3	3	0.0154	1	0:00:16.864841
570	6	6	0.444	1	0:00:16.887344
575	6	6	0.543	1	0:00:16.877522
580	4	4	0.362	1	0:00:16.876702
585	9	9	0.271	1	0:00:16.892201
590	6	6	0.173	1	0:00:16.878909
595	4	4	0.0459	1	0:00:16.865047
600	8	8	0.529	1	0:00:16.865421
605	6	6	0.935	1	0:00:16.871829
610	6	6	0.544	1	0:00:16.882092
615	8	9	0.136	0	0:00:16.884489
620	7	7	0.558	1	0:00:16.880443
625	9	9	0.459	1	0:00:16.882898
630	2	8	0.109	0	0:00:16.881010
635	6	6	0.277	1	0:00:16.882730
640	5	3	0.35	0	0:00:16.885080
645	1	1	0.0671	1	0:00:16.877235
650	3	3	0.636	1	0:00:16.878552
655	2	4	0.5	0	0:00:16.872054
660	9	9	0.402	1	0:00:16.888053
665	8	8	0.234	1	0:00:16.879313
670	6	6	0.588	1	0:00:16.871930
675	0	0	0.17	1	0:00:16.891226
680	9	-1	0.0	0	0:00:16.876435
685	6	2	0.269	0	0:00:16.880945
690	3	4	0.0208	0	0:00:16.882181
695	3	4	0.246	0	0:00:16.865383
700	7	7	0.78	1	0:00:16.871533
705	4	4	0.311	1	0:00:16.878069
710	6	2	0.124	0	0:00:16.889102
715	3	3	0.0717	1	0:00:16.883415
720	4	7	0.147	0	0:00:16.875045
725	2	-1	0.0	0	0:00:16.879724
730	4	-1	0.0	0	0:00:16.890154
735	4	2	0.0519	0	0:00:16.879412
740	2	5	0.303	0	0:00:16.884243
745	7	7	0.513	1	0:00:16.887840
750	9	9	0.844	1	0:00:16.876043
755	2	4	0.164	0	0:00:16.890464
760	3	3	0.156	1	0:00:16.905401
765	2	2	0.816	1	0:00:16.884888
770	6	-1	0.0	0	0:00:16.872646
775	2	4	0.251	0	0:00:16.884638
780	9	9	0.54	1	0:00:16.878321
785	0	0	0.00906	1	0:00:16.896419
790	3	0	0.953	0	0:00:16.875229
795	7	7	0.341	1	0:00:16.879999
800	7	7	0.953	1	0:00:16.897312
805	4	4	0.303	1	0:00:16.869576
810	5	3	0.128	0	0:00:16.872127
815	8	8	0.905	1	0:00:16.884657
820	6	2	0.0545	0	0:00:16.885764
825	3	6	0.278	0	0:00:16.891445
830	1	1	0.331	1	0:00:16.887777
835	4	-1	0.0	0	0:00:16.881882
840	7	7	0.953	1	0:00:16.871545
845	3	-1	0.0	0	0:00:16.877457
850	7	5	0.161	0	0:00:16.883509
855	7	7	0.898	1	0:00:16.855092
860	4	4	0.308	1	0:00:16.897750
865	1	1	0.772	1	0:00:16.878834
870	3	3	0.165	1	0:00:16.890711
875	8	8	0.549	1	0:00:16.871477
880	8	8	0.375	1	0:00:16.859832
885	0	0	0.324	1	0:00:16.870732
890	4	4	0.398	1	0:00:16.867325
895	1	1	0.309	1	0:00:16.869605
900	2	6	0.00158	0	0:00:16.866703
905	7	7	0.188	1	0:00:16.883584
910	5	5	0.112	1	0:00:16.873134
915	1	1	0.953	1	0:00:16.876421
920	6	-1	0.0	0	0:00:16.860136
925	5	3	0.905	0	0:00:16.889568
930	4	4	0.185	1	0:00:16.879152
935	2	2	0.953	1	0:00:16.877411
940	9	9	0.504	1	0:00:16.878091
945	3	5	0.149	0	0:00:16.864487
950	3	3	0.231	1	0:00:16.865856
955	7	7	0.608	1	0:00:16.881260
960	9	9	0.165	1	0:00:16.880337
965	6	-1	0.0	0	0:00:16.867815
970	9	9	0.442	1	0:00:16.870324
975	0	0	0.953	1	0:00:16.883614
980	2	4	0.0947	0	0:00:16.860458
985	8	8	0.953	1	0:00:16.857407
990	1	1	0.661	1	0:00:16.871413
995	3	-1	0.0	0	0:00:16.872887
1000	5	5	0.881	1	0:00:16.885165
1005	1	1	0.835	1	0:00:16.878122
1010	0	0	0.922	1	0:00:16.867348
1015	4	4	0.18	1	0:00:16.869778
1020	1	1	0.953	1	0:00:16.877602
1025	5	5	0.0557	1	0:00:16.880843
1030	3	3	0.585	1	0:00:16.881837
1035	6	6	0.045	1	0:00:16.872410
1040	7	-1	0.0	0	0:00:16.889658
1045	5	5	0.279	1	0:00:16.872274
1050	3	0	0.331	0	0:00:16.869401
1055	5	5	0.422	1	0:00:16.883744
1060	9	9	0.953	1	0:00:16.895277
1065	3	9	0.126	0	0:00:16.881571
1070	3	3	0.48	1	0:00:16.882382
1075	8	8	0.089	1	0:00:16.886877
1080	6	6	0.636	1	0:00:16.880826
1085	4	4	0.877	1	0:00:16.875135
1090	0	0	0.726	1	0:00:16.894434
1095	2	2	0.433	1	0:00:16.879090
1100	7	8	0.11	0	0:00:16.895652
1105	4	3	0.546	0	0:00:16.882287
1110	2	2	0.953	1	0:00:16.896356
1115	1	1	0.672	1	0:00:16.896996
1120	5	2	0.0589	0	0:00:16.887146
1125	6	6	0.768	1	0:00:16.869472
1130	7	0	0.351	0	0:00:16.901716
1135	6	6	0.319	1	0:00:16.872133
1140	6	6	0.41	1	0:00:16.895225
1145	4	-1	0.0	0	0:00:16.898069
1150	2	-1	0.0	0	0:00:16.881601
1155	9	1	0.368	0	0:00:16.892936
1160	8	8	0.758	1	0:00:16.891943
1165	0	0	0.604	1	0:00:16.880871
1170	7	7	0.877	1	0:00:16.887419
1175	9	9	0.65	1	0:00:16.874641
1180	3	3	0.855	1	0:00:16.895746
1185	1	-1	0.0	0	0:00:16.888588
1190	1	1	0.881	1	0:00:16.900145
1195	6	6	0.865	1	0:00:16.888470
1200	8	8	0.121	1	0:00:16.885615
1205	8	8	0.377	1	0:00:16.885514
1210	0	0	0.805	1	0:00:16.886397
1215	7	7	0.935	1	0:00:16.890991
1220	9	-1	0.0	0	0:00:16.876619
1225	6	6	0.429	1	0:00:16.878818
1230	5	3	0.433	0	0:00:16.885471
1235	5	5	0.0922	1	0:00:16.895652
1240	2	6	0.192	0	0:00:16.874398
1245	6	6	0.255	1	0:00:16.895146
1250	7	7	0.497	1	0:00:16.881238
1255	4	4	0.57	1	0:00:16.883987
1260	1	9	0.217	0	0:00:16.884108
1265	9	1	0.548	0	0:00:16.869623
1270	1	1	0.273	1	0:00:16.881485
1275	3	3	0.495	1	0:00:16.884023
1280	3	3	0.58	1	0:00:16.884431
1285	9	9	0.427	1	0:00:16.880851
1290	5	5	0.498	1	0:00:16.877999
1295	0	0	0.745	1	0:00:16.894754
1300	4	3	0.338	0	0:00:16.880128
1305	9	9	0.446	1	0:00:16.883470
1310	0	0	0.935	1	0:00:16.872139
1315	4	4	0.27	1	0:00:16.884808
1320	7	7	0.188	1	0:00:16.894412
1325	2	2	0.0334	1	0:00:16.889117
1330	2	-1	0.0	0	0:00:16.892253
1335	1	1	0.881	1	0:00:16.866546
1340	1	1	0.898	1	0:00:16.864323
1345	4	4	0.285	1	0:00:16.881891
1350	4	-1	0.0	0	0:00:16.876093
1355	5	-1	0.0	0	0:00:16.881378
1360	7	7	0.37	1	0:00:16.880230
1365	0	0	0.757	1	0:00:16.870102
1370	9	9	0.314	1	0:00:16.856799
1375	4	4	0.735	1	0:00:16.881972
1380	4	5	0.00351	0	0:00:16.874397
1385	5	5	0.313	1	0:00:16.876089
1390	6	6	0.953	1	0:00:16.868989
1395	3	3	0.023	1	0:00:16.860644
1400	5	3	0.24	0	0:00:16.878125
1405	1	1	0.099	1	0:00:16.867120
1410	1	1	0.922	1	0:00:16.872709
1415	7	7	0.347	1	0:00:16.862781
1420	4	4	0.19	1	0:00:16.867523
1425	4	-1	0.0	0	0:00:16.868287
1430	8	8	0.234	1	0:00:16.876989
1435	1	1	0.636	1	0:00:16.871948
1440	0	0	0.0647	1	0:00:16.876367
1445	3	4	0.396	0	0:00:16.885651
1450	2	2	0.448	1	0:00:16.877260
1455	6	6	0.42	1	0:00:16.884780
1460	6	6	0.881	1	0:00:16.888507
1465	9	9	0.282	1	0:00:16.882665
1470	7	2	0.143	0	0:00:16.885708
1475	9	9	0.71	1	0:00:16.878088
1480	1	1	0.564	1	0:00:16.905838
1485	0	0	0.57	1	0:00:16.895054
1490	8	8	0.953	1	0:00:16.879577
1495	2	2	0.913	1	0:00:16.881150
1500	1	1	0.408	1	0:00:16.886364
1505	2	2	0.0811	1	0:00:16.891061
1510	8	8	0.114	1	0:00:16.888414
1515	2	2	0.465	1	0:00:16.879936
1520	7	7	0.166	1	0:00:16.897579
1525	3	-1	0.0	0	0:00:16.902005
1530	3	9	0.106	0	0:00:16.874662
1535	4	4	0.186	1	0:00:16.879773
1540	8	8	0.649	1	0:00:16.873317
1545	1	1	0.257	1	0:00:16.870509
1550	6	6	0.624	1	0:00:16.890428
1555	0	0	0.254	1	0:00:16.882220
1560	7	7	0.953	1	0:00:16.888008
1565	6	6	0.667	1	0:00:16.868996
1570	4	-1	0.0	0	0:00:16.874801
1575	2	2	0.227	1	0:00:16.878954
1580	6	-1	0.0	0	0:00:16.869433
1585	7	7	0.953	1	0:00:16.875039
1590	4	-1	0.0	0	0:00:16.875272
1595	3	5	0.574	0	0:00:16.857999
1600	8	9	0.129	0	0:00:16.872733
1605	3	2	0.258	0	0:00:16.875386
1610	2	0	0.00366	0	0:00:16.893016
1615	7	7	0.953	1	0:00:16.870062
1620	5	3	0.398	0	0:00:16.873556
1625	3	3	0.136	1	0:00:16.874918
1630	9	9	0.609	1	0:00:16.880372
1635	7	7	0.935	1	0:00:16.858800
1640	7	7	0.262	1	0:00:16.873979
1645	4	4	0.147	1	0:00:16.882063
1650	5	5	0.953	1	0:00:16.860074
1655	8	8	0.804	1	0:00:16.875354
1660	3	3	0.269	1	0:00:16.883170
1665	6	6	0.922	1	0:00:16.879629
1670	6	4	0.071	0	0:00:16.869796
1675	5	7	0.0694	0	0:00:16.873915
1680	6	6	0.422	1	0:00:16.859830
1685	8	6	0.175	0	0:00:16.879633
1690	2	2	0.229	1	0:00:16.870919
1695	9	9	0.558	1	0:00:16.865376
1700	5	5	0.0541	1	0:00:16.876319
1705	0	0	0.953	1	0:00:16.884586
1710	4	-1	0.0	0	0:00:16.869819
1715	3	-1	0.0	0	0:00:16.870875
1720	4	4	0.278	1	0:00:16.897297
1725	0	0	0.898	1	0:00:16.871797
1730	4	-1	0.0	0	0:00:16.874420
1735	0	0	0.453	1	0:00:16.871952
1740	1	1	0.633	1	0:00:16.881360
1745	5	5	0.379	1	0:00:16.885494
1750	8	8	0.384	1	0:00:16.884991
1755	7	7	0.775	1	0:00:16.887055
1760	0	0	0.788	1	0:00:16.876876
1765	4	-1	0.0	0	0:00:16.890682
1770	7	7	0.621	1	0:00:16.882828
1775	3	3	0.429	1	0:00:16.884866
1780	7	7	0.25	1	0:00:16.889244
1785	0	2	0.297	0	0:00:16.876788
1790	7	7	0.301	1	0:00:16.886382
1795	6	6	0.43	1	0:00:16.881771
1800	4	4	0.309	1	0:00:16.870828
1805	8	8	0.649	1	0:00:16.887286
1810	1	1	0.726	1	0:00:16.863850
1815	9	9	0.733	1	0:00:16.895135
1820	8	8	0.544	1	0:00:16.885576
1825	2	2	0.953	1	0:00:16.884350
1830	3	2	0.0485	0	0:00:16.887143
1835	0	3	0.119	0	0:00:16.891063
1840	8	-1	0.0	0	0:00:16.883132
1845	7	7	0.14	1	0:00:16.876224
1850	1	0	0.125	0	0:00:16.880549
1855	5	5	0.192	1	0:00:16.886580
1860	8	8	0.779	1	0:00:16.877922
1865	7	7	0.786	1	0:00:16.887368
1870	2	2	0.877	1	0:00:16.881159
1875	0	0	0.953	1	0:00:16.864050
1880	1	1	0.935	1	0:00:16.874048
1885	5	5	0.753	1	0:00:16.880127
1890	6	6	0.463	1	0:00:16.878091
1895	8	0	0.157	0	0:00:16.885612
1900	8	8	0.953	1	0:00:16.871088
1905	3	2	0.245	0	0:00:16.894885
1910	4	4	0.315	1	0:00:16.887420
1915	9	9	0.953	1	0:00:16.881294
1920	2	2	0.485	1	0:00:16.888113
1925	1	1	0.489	1	0:00:16.874392
1930	1	1	0.681	1	0:00:16.902387
1935	6	-1	0.0	0	0:00:16.879192
1940	5	5	0.148	1	0:00:16.872702
1945	4	-1	0.0	0	0:00:16.857154
1950	5	-1	0.0	0	0:00:16.898730
1955	2	7	0.308	0	0:00:16.896937
1960	2	5	0.365	0	0:00:16.901838
1965	0	0	0.0661	1	0:00:16.882231
1970	1	1	0.592	1	0:00:16.893877
1975	6	-1	0.0	0	0:00:16.876495
1980	9	9	0.353	1	0:00:16.892704
1985	6	2	0.0495	0	0:00:16.877367
1990	4	4	0.0398	1	0:00:16.882816
1995	2	2	0.44	1	0:00:16.894262
2000	1	1	0.478	1	0:00:16.899152
2005	5	-1	0.0	0	0:00:16.878896
2010	7	7	0.113	1	0:00:16.872739
2015	4	4	0.268	1	0:00:16.881830
2020	9	9	0.8	1	0:00:16.893405
2025	4	4	0.208	1	0:00:16.875633
2030	4	-1	0.0	0	0:00:16.878590
2035	6	6	0.0735	1	0:00:16.864120
2040	0	0	0.953	1	0:00:16.884908
2045	1	1	0.00901	1	0:00:16.878187
2050	8	8	0.913	1	0:00:16.868095
2055	5	5	0.375	1	0:00:16.894317
2060	5	3	0.356	0	0:00:16.886407
2065	2	6	0.0553	0	0:00:16.887640
2070	2	2	0.118	1	0:00:16.869653
2075	4	7	0.0652	0	0:00:16.878708
2080	1	1	0.0438	1	0:00:16.885854
2085	0	0	0.29	1	0:00:16.865502
2090	2	2	0.699	1	0:00:16.873661
2095	0	4	0.231	0	0:00:16.886799
2100	2	2	0.609	1	0:00:16.871019
2105	6	6	0.538	1	0:00:16.875160
2110	0	0	0.693	1	0:00:16.873142
2115	5	5	0.428	1	0:00:16.867324
2120	4	8	0.172	0	0:00:16.874239
2125	1	2	0.0772	0	0:00:16.882059
2130	0	0	0.596	1	0:00:16.878276
2135	8	8	0.844	1	0:00:16.865441
2140	9	9	0.953	1	0:00:16.874503
2145	7	4	0.434	0	0:00:16.874279
2150	9	1	0.1	0	0:00:16.884518
2155	9	0	0.0982	0	0:00:16.872645
2160	0	0	0.365	1	0:00:16.867815
2165	2	0	0.355	0	0:00:16.871325
2170	2	2	0.935	1	0:00:16.876469
2175	3	3	0.117	1	0:00:16.873531
2180	4	4	0.656	1	0:00:16.875753
2185	0	0	0.144	1	0:00:16.865087
2190	9	9	0.226	1	0:00:16.878286
2195	4	2	0.0119	0	0:00:16.880953
2200	0	2	0.0833	0	0:00:16.876283
2205	5	5	0.335	1	0:00:16.885922
2210	2	2	0.561	1	0:00:16.870396
2215	0	0	0.0971	1	0:00:16.871659
2220	1	1	0.953	1	0:00:16.898054
2225	7	7	0.551	1	0:00:16.886953
2230	3	3	0.439	1	0:00:16.878761
2235	2	2	0.953	1	0:00:16.882494
2240	9	9	0.304	1	0:00:16.878878
2245	8	0	0.257	0	0:00:16.872537
2250	7	7	0.332	1	0:00:16.897636
2255	1	1	0.266	1	0:00:16.888415
2260	4	4	0.53	1	0:00:16.868012
2265	8	8	0.935	1	0:00:16.870844
2270	2	-1	0.0	0	0:00:16.881483
2275	6	6	0.233	1	0:00:16.890130
2280	4	-1	0.0	0	0:00:16.873535
2285	3	3	0.00195	1	0:00:16.888081
2290	9	9	0.697	1	0:00:16.872015
2295	8	8	0.78	1	0:00:16.875495
2300	3	3	0.178	1	0:00:16.880346
2305	9	2	0.158	0	0:00:16.888312
2310	6	7	0.261	0	0:00:16.883076
2315	2	2	0.543	1	0:00:16.879721
2320	5	2	0.169	0	0:00:16.891816
2325	7	2	0.0349	0	0:00:16.865166
2330	0	0	0.585	1	0:00:16.877561
2335	5	3	0.0808	0	0:00:16.881094
2340	7	7	0.935	1	0:00:16.875407
2345	1	1	0.775	1	0:00:16.873785
2350	3	5	0.187	0	0:00:16.879787
2355	9	1	0.193	0	0:00:16.891700
2360	7	7	0.355	1	0:00:16.894173
2365	7	7	0.545	1	0:00:16.890582
2370	0	0	0.796	1	0:00:16.879010
2375	0	0	0.165	1	0:00:16.878828
2380	8	8	0.775	1	0:00:16.897252
2385	4	3	0.0267	0	0:00:16.889494
2390	1	1	0.428	1	0:00:16.882600
2395	7	8	0.0249	0	0:00:16.905289
2400	0	0	0.953	1	0:00:16.891110
2405	3	6	0.935	0	0:00:16.893804
2410	3	3	0.763	1	0:00:16.887902
2415	6	6	0.0888	1	0:00:16.878390
2420	8	8	0.0994	1	0:00:16.886001
2425	0	0	0.557	1	0:00:16.894545
2430	7	7	0.316	1	0:00:16.907838
2435	6	6	0.319	1	0:00:16.884897
2440	7	7	0.76	1	0:00:16.881877
2445	6	6	0.953	1	0:00:16.888985
2450	1	1	0.953	1	0:00:16.891860
2455	6	3	0.0214	0	0:00:16.882991
2460	9	9	0.228	1	0:00:16.893469
2465	9	9	0.457	1	0:00:16.888538
2470	7	7	0.877	1	0:00:16.885684
2475	6	6	0.886	1	0:00:16.870991
2480	8	8	0.823	1	0:00:16.877996
2485	6	6	0.935	1	0:00:16.896509
2490	0	0	0.36	1	0:00:16.881925
2495	9	8	0.465	0	0:00:16.894439
2500	4	6	0.019	0	0:00:16.884267
2505	7	7	0.207	1	0:00:16.867769
2510	4	4	0.181	1	0:00:16.876868
2515	2	-1	0.0	0	0:00:16.890813
2520	1	1	0.133	1	0:00:16.888244
2525	5	2	0.275	0	0:00:16.905420
2530	6	2	0.0972	0	0:00:16.895817
2535	0	6	0.153	0	0:00:16.886716
2540	2	2	0.194	1	0:00:16.888144
2545	4	4	0.368	1	0:00:16.886383
2550	4	4	0.186	1	0:00:16.903175
2555	7	7	0.45	1	0:00:16.899404
2560	7	7	0.522	1	0:00:16.896034
2565	3	3	0.586	1	0:00:16.872541
2570	0	2	0.28	0	0:00:16.895701
2575	5	4	0.372	0	0:00:16.878455
2580	6	5	0.113	0	0:00:16.882204
2585	3	3	0.0193	1	0:00:16.892498
2590	5	3	0.4	0	0:00:16.894451
2595	4	4	0.546	1	0:00:16.885220
2600	8	8	0.935	1	0:00:16.867114
2605	4	7	0.0641	0	0:00:16.888619
2610	2	2	0.913	1	0:00:16.888199
2615	7	7	0.662	1	0:00:16.881819
2620	1	1	0.483	1	0:00:16.879594
2625	2	2	0.564	1	0:00:16.887051
2630	2	2	0.316	1	0:00:16.899035
2635	6	4	0.0907	0	0:00:16.892533
2640	7	7	0.953	1	0:00:16.886361
2645	1	1	0.953	1	0:00:16.885087
2650	5	9	0.56	0	0:00:16.898808
2655	4	4	0.024	1	0:00:16.887478
2660	3	3	0.286	1	0:00:16.876538
2665	1	1	0.953	1	0:00:16.887264
2670	9	9	0.0466	1	0:00:16.883488
2675	2	2	0.178	1	0:00:16.875303
2680	0	0	0.953	1	0:00:16.874802
2685	2	4	0.446	0	0:00:16.903711
2690	2	0	0.112	0	0:00:16.883487
2695	2	2	0.223	1	0:00:16.879836
2700	9	9	0.0828	1	0:00:16.886181
2705	8	0	0.299	0	0:00:16.865333
2710	7	7	0.877	1	0:00:16.872319
2715	0	0	0.935	1	0:00:16.857095
2720	3	3	0.322	1	0:00:16.893220
2725	8	8	0.3	1	0:00:16.864168
2730	6	6	0.479	1	0:00:16.864981
2735	2	3	0.185	0	0:00:16.874731
2740	1	1	0.031	1	0:00:16.889839
2745	8	8	0.953	1	0:00:16.887850
2750	5	5	0.953	1	0:00:16.897025
2755	5	7	0.461	0	0:00:16.870110
2760	2	2	0.599	1	0:00:16.870952
2765	9	9	0.419	1	0:00:16.903660
2770	7	-1	0.0	0	0:00:16.873214
2775	3	3	0.584	1	0:00:16.888697
2780	7	7	0.78	1	0:00:16.888541
2785	4	-1	0.0	0	0:00:16.877820
2790	8	8	0.953	1	0:00:16.877365
2795	3	3	0.241	1	0:00:16.885783
2800	4	4	0.292	1	0:00:16.900200
2805	4	4	0.366	1	0:00:16.895783
2810	9	-1	0.0	0	0:00:16.881052
2815	3	3	0.276	1	0:00:16.884509
2820	6	6	0.728	1	0:00:16.889289
2825	2	2	0.0384	1	0:00:16.895792
2830	6	6	0.862	1	0:00:16.901556
2835	4	3	0.203	0	0:00:16.875706
2840	3	3	0.953	1	0:00:16.872008
2845	5	5	0.0813	1	0:00:16.881192
2850	5	5	0.898	1	0:00:16.892590
2855	3	3	0.143	1	0:00:16.878947
2860	5	4	0.0787	0	0:00:16.899297
2865	6	6	0.525	1	0:00:16.890738
2870	8	8	0.204	1	0:00:16.890585
2875	1	0	0.342	0	0:00:16.892640
2880	4	4	0.72	1	0:00:16.878298
2885	5	5	0.953	1	0:00:16.879900
2890	5	5	0.244	1	0:00:16.894587
2895	7	5	0.405	0	0:00:16.902288
2900	3	7	0.271	0	0:00:16.888996
2905	4	4	0.249	1	0:00:16.896477
2910	8	8	0.744	1	0:00:16.876528
2915	5	5	0.865	1	0:00:16.879923
2920	2	2	0.474	1	0:00:16.883967
2925	4	4	0.254	1	0:00:16.884743
2930	7	7	0.15	1	0:00:16.898783
2935	8	8	0.307	1	0:00:16.866838
2940	3	0	0.269	0	0:00:16.882505
2945	7	7	0.0513	1	0:00:16.877923
2950	1	1	0.408	1	0:00:16.869376
2955	2	3	0.0973	0	0:00:16.878995
2960	9	0	0.236	0	0:00:16.897914
2965	7	7	0.158	1	0:00:16.881946
2970	5	5	0.00213	1	0:00:16.865922
2975	9	2	0.376	0	0:00:16.886792
2980	8	8	0.572	1	0:00:16.865823
2985	2	-1	0.0	0	0:00:16.882302
2990	4	4	0.464	1	0:00:16.876697
2995	4	4	0.269	1	0:00:16.862481
3000	5	5	0.837	1	0:00:16.875677
3005	0	2	0.134	0	0:00:16.886301
3010	6	6	0.707	1	0:00:16.887028
3015	6	6	0.718	1	0:00:16.867170
3020	1	1	0.487	1	0:00:16.883097
3025	2	6	0.094	0	0:00:16.899757
3030	6	6	0.366	1	0:00:16.898024
3035	3	3	0.411	1	0:00:16.869588
3040	7	7	0.953	1	0:00:16.872108
3045	5	5	0.451	1	0:00:16.887508
3050	0	0	0.203	1	0:00:16.855511
3055	9	9	0.548	1	0:00:16.886465
3060	7	7	0.699	1	0:00:16.886757
3065	3	3	0.489	1	0:00:16.875715
3070	0	0	0.663	1	0:00:16.869702
3075	6	3	0.402	0	0:00:16.894845
3080	1	1	0.0747	1	0:00:16.883850
3085	2	2	0.176	1	0:00:16.884483
3090	4	4	0.639	1	0:00:16.886480
3095	4	-1	0.0	0	0:00:16.879087
3100	0	0	0.425	1	0:00:16.886326
3105	1	1	0.855	1	0:00:16.880371
3110	7	3	0.104	0	0:00:16.865973
3115	5	-1	0.0	0	0:00:16.873087
3120	4	4	0.124	1	0:00:16.875024
3125	3	3	0.352	1	0:00:16.883467
3130	3	5	0.425	0	0:00:16.887644
3135	7	-1	0.0	0	0:00:16.888149
3140	8	8	0.433	1	0:00:16.882930
3145	9	9	0.38	1	0:00:16.889658
3150	1	9	0.271	0	0:00:16.893211
3155	8	8	0.61	1	0:00:16.880352
3160	6	2	0.184	0	0:00:16.873379
3165	1	-1	0.0	0	0:00:16.887417
3170	9	9	0.76	1	0:00:16.884253
3175	1	1	0.652	1	0:00:16.885260
3180	3	3	0.0473	1	0:00:16.882845
3185	2	6	0.383	0	0:00:16.884091
3190	3	3	0.844	1	0:00:16.878403
3195	5	-1	0.0	0	0:00:16.877284
3200	5	5	0.124	1	0:00:16.902726
3205	8	8	0.831	1	0:00:16.872861
3210	9	9	0.953	1	0:00:16.878923
3215	1	1	0.759	1	0:00:16.896159
3220	3	-1	0.0	0	0:00:16.872742
3225	9	9	0.632	1	0:00:16.886542
3230	3	-1	0.0	0	0:00:16.903360
3235	5	5	0.374	1	0:00:16.883008
3240	4	0	0.0883	0	0:00:16.893708
3245	7	7	0.756	1	0:00:16.889048
3250	2	6	0.0911	0	0:00:16.883874
3255	5	5	0.799	1	0:00:16.895853
3260	7	7	0.772	1	0:00:16.877857
3265	8	8	0.758	1	0:00:16.896708
3270	8	8	0.418	1	0:00:16.876816
3275	5	7	0.345	0	0:00:16.875046
3280	3	5	0.283	0	0:00:16.889900
3285	1	1	0.521	1	0:00:16.882713
3290	5	5	0.376	1	0:00:16.876662
3295	9	9	0.519	1	0:00:16.888212
3300	4	4	0.34	1	0:00:16.876460
3305	9	9	0.69	1	0:00:16.874955
3310	6	6	0.358	1	0:00:16.881429
3315	3	-1	0.0	0	0:00:16.885185
3320	2	7	0.598	0	0:00:16.886039
3325	6	3	0.0143	0	0:00:16.890559
3330	7	7	0.0757	1	0:00:16.888354
3335	0	-1	0.0	0	0:00:16.890675
3340	6	6	0.49	1	0:00:16.880404
3345	7	7	0.953	1	0:00:16.879289
3350	8	8	0.534	1	0:00:16.872211
3355	5	8	0.00546	0	0:00:16.876655
3360	4	4	0.524	1	0:00:16.873688
3365	9	9	0.409	1	0:00:16.862277
3370	1	1	0.953	1	0:00:16.876326
3375	4	4	0.184	1	0:00:16.872510
3380	8	8	0.799	1	0:00:16.883732
3385	8	8	0.417	1	0:00:16.873605
3390	3	5	0.639	0	0:00:16.864183
3395	9	9	0.771	1	0:00:16.891884
3400	6	-1	0.0	0	0:00:16.879145
3405	7	7	0.744	1	0:00:16.868281
3410	4	4	0.607	1	0:00:16.877587
3415	7	-1	0.0	0	0:00:16.873864
3420	5	5	0.0181	1	0:00:16.892460
3425	0	2	0.0143	0	0:00:16.875394
3430	8	8	0.48	1	0:00:16.872144
3435	6	6	0.858	1	0:00:16.869645
3440	2	3	0.443	0	0:00:16.894447
3445	0	0	0.953	1	0:00:16.875441
3450	9	1	0.159	0	0:00:16.878971
3455	6	6	0.298	1	0:00:16.878142
3460	1	1	0.741	1	0:00:16.870952
3465	6	6	0.803	1	0:00:16.911515
3470	7	7	0.0989	1	0:00:16.880619
3475	0	0	0.252	1	0:00:16.878202
3480	2	2	0.935	1	0:00:16.877124
3485	1	1	0.348	1	0:00:16.872345
3490	0	8	0.0566	0	0:00:16.876065
3495	2	2	0.246	1	0:00:16.876281
3500	1	1	0.334	1	0:00:16.871619
3505	4	4	0.0917	1	0:00:16.874897
3510	4	4	0.219	1	0:00:16.867447
3515	8	8	0.649	1	0:00:16.866298
3520	1	1	0.953	1	0:00:16.886062
3525	2	3	0.00212	0	0:00:16.875262
3530	6	6	0.953	1	0:00:16.863759
3535	5	5	0.739	1	0:00:16.874598
3540	6	6	0.582	1	0:00:16.878076
3545	4	4	0.913	1	0:00:16.870411
3550	0	4	0.375	0	0:00:16.869371
3555	6	6	0.101	1	0:00:16.884145
3560	1	9	0.0787	0	0:00:16.867481
3565	1	1	0.777	1	0:00:16.877855
3570	3	3	0.501	1	0:00:16.887407
3575	3	4	0.0458	0	0:00:16.880082
3580	4	4	0.154	1	0:00:16.879443
3585	8	8	0.825	1	0:00:16.873563
3590	7	7	0.953	1	0:00:16.878529
3595	2	2	0.387	1	0:00:16.880824
3600	4	2	0.5	0	0:00:16.882462
3605	6	4	0.177	0	0:00:16.878670
3610	5	5	0.116	1	0:00:16.888418
3615	6	-1	0.0	0	0:00:16.852818
3620	0	0	0.142	1	0:00:16.872614
3625	8	8	0.29	1	0:00:16.876527
3630	8	8	0.842	1	0:00:16.879042
3635	4	4	0.358	1	0:00:16.891536
3640	6	-1	0.0	0	0:00:16.871145
3645	1	9	0.102	0	0:00:16.879871
3650	0	0	0.726	1	0:00:16.872250
3655	9	9	0.473	1	0:00:16.885936
3660	0	0	0.309	1	0:00:16.877751
3665	7	-1	0.0	0	0:00:16.870746
3670	9	9	0.197	1	0:00:16.881647
3675	4	4	0.953	1	0:00:16.889896
3680	0	0	0.132	1	0:00:16.873404
3685	2	2	0.549	1	0:00:16.882816
3690	9	9	0.765	1	0:00:16.877282
3695	8	8	0.953	1	0:00:16.880761
3700	3	3	0.455	1	0:00:16.881924
3705	8	8	0.435	1	0:00:16.861265
3710	2	2	0.329	1	0:00:16.876692
3715	1	1	0.142	1	0:00:16.888910
3720	2	2	0.953	1	0:00:16.887159
3725	2	-1	0.0	0	0:00:16.892158
3730	1	1	0.428	1	0:00:16.891041
3735	5	-1	0.0	0	0:00:16.877665
3740	0	0	0.905	1	0:00:16.882855
3745	1	1	0.953	1	0:00:16.876704
3750	9	-1	0.0	0	0:00:16.889413
3755	9	2	0.0444	0	0:00:16.869649
3760	7	7	0.953	1	0:00:16.896006
3765	0	1	0.0654	0	0:00:16.874341
3770	9	9	0.536	1	0:00:16.891402
3775	6	6	0.839	1	0:00:16.881396
3780	4	4	0.191	1	0:00:16.879803
3785	6	-1	0.0	0	0:00:16.897438
3790	4	4	0.341	1	0:00:16.869851
3795	7	7	0.404	1	0:00:16.890622
3800	9	9	0.736	1	0:00:16.869606
3805	9	9	0.922	1	0:00:16.893352
3810	3	3	0.162	1	0:00:16.857802
3815	2	2	0.0914	1	0:00:16.879940
3820	0	0	0.113	1	0:00:16.869851
3825	0	0	0.953	1	0:00:16.871949
3830	5	5	0.219	1	0:00:16.873656
3835	3	5	0.0566	0	0:00:16.881202
3840	6	6	0.0587	1	0:00:16.880681
3845	0	0	0.755	1	0:00:16.870162
3850	9	9	0.522	1	0:00:16.882970
3855	1	1	0.953	1	0:00:16.886162
3860	7	7	0.953	1	0:00:16.869459
3865	7	7	0.423	1	0:00:16.877592
3870	8	8	0.518	1	0:00:16.873070
3875	2	2	0.0222	1	0:00:16.880644
3880	6	6	0.437	1	0:00:16.872189
3885	6	6	0.167	1	0:00:16.882734
3890	7	7	0.526	1	0:00:16.879663
3895	1	1	0.503	1	0:00:16.884321
3900	3	6	0.0777	0	0:00:16.871861
3905	2	2	0.355	1	0:00:16.873167
3910	4	2	0.0117	0	0:00:16.861487
3915	4	4	0.116	1	0:00:16.876739
3920	7	5	0.0585	0	0:00:16.870003
3925	1	1	0.287	1	0:00:16.863550
3930	1	1	0.665	1	0:00:16.877940
3935	4	4	0.113	1	0:00:16.877427
3940	6	6	0.206	1	0:00:16.861265
3945	5	-1	0.0	0	0:00:16.881185
3950	8	8	0.563	1	0:00:16.877584
3955	0	0	0.953	1	0:00:16.877599
3960	2	2	0.779	1	0:00:16.881624
3965	0	0	0.506	1	0:00:16.880944
3970	9	9	0.21	1	0:00:16.875947
3975	7	7	0.953	1	0:00:16.906146
3980	9	9	0.062	1	0:00:16.886019
3985	7	7	0.686	1	0:00:16.883496
3990	4	4	0.124	1	0:00:16.873739
3995	7	9	0.023	0	0:00:16.891535
4000	8	0	0.0918	0	0:00:16.890491
4005	5	5	0.134	1	0:00:16.894267
4010	7	7	0.328	1	0:00:16.895239
4015	1	1	0.953	1	0:00:16.876909
4020	8	8	0.451	1	0:00:16.884670
4025	1	1	0.237	1	0:00:16.864665
4030	1	1	0.922	1	0:00:16.887364
4035	2	2	0.781	1	0:00:16.880520
4040	0	0	0.922	1	0:00:16.879021
4045	7	7	0.459	1	0:00:16.884051
4050	3	2	0.281	0	0:00:16.879647
4055	1	1	0.00814	1	0:00:16.876332
4060	6	6	0.237	1	0:00:16.897980
4065	4	4	0.144	1	0:00:16.864252
4070	9	9	0.953	1	0:00:16.881621
4075	2	2	0.375	1	0:00:16.876095
4080	1	1	0.818	1	0:00:16.893357
4085	8	-1	0.0	0	0:00:16.887158
4090	4	4	0.0158	1	0:00:16.877753
4095	8	8	0.524	1	0:00:16.886847
4100	7	7	0.953	1	0:00:16.882812
4105	7	7	0.873	1	0:00:16.851313
4110	2	2	0.575	1	0:00:16.873059
4115	8	8	0.593	1	0:00:16.873062
4120	4	4	0.898	1	0:00:16.889222
4125	8	-1	0.0	0	0:00:16.868255
4130	6	6	0.886	1	0:00:16.871389
4135	1	-1	0.0	0	0:00:16.894835
4140	5	3	0.0871	0	0:00:16.883983
4145	8	8	0.922	1	0:00:16.876226
4150	6	6	0.386	1	0:00:16.876840
4155	3	3	0.309	1	0:00:16.867432
4160	5	5	0.367	1	0:00:16.890144
4165	8	8	0.19	1	0:00:16.896753
4170	1	1	0.0358	1	0:00:16.872021
4175	3	7	0.0362	0	0:00:16.868918
4180	0	0	0.049	1	0:00:16.876017
4185	7	7	0.553	1	0:00:16.870655
4190	3	7	0.0818	0	0:00:16.884802
4195	3	3	0.788	1	0:00:16.857579
4200	4	4	0.144	1	0:00:16.867539
4205	4	7	0.427	0	0:00:16.872879
4210	3	3	0.302	1	0:00:16.898252
4215	1	1	0.432	1	0:00:16.884069
4220	4	0	0.302	0	0:00:16.856600
4225	5	5	0.535	1	0:00:16.885576
4230	6	6	0.0771	1	0:00:16.884460
4235	9	9	0.953	1	0:00:16.877914
4240	7	0	0.0701	0	0:00:16.876618
4245	1	1	0.26	1	0:00:16.872952
4250	1	1	0.166	1	0:00:16.887325
4255	9	9	0.397	1	0:00:16.870007
4260	8	8	0.935	1	0:00:16.871348
4265	6	6	0.352	1	0:00:16.895869
4270	0	0	0.499	1	0:00:16.878596
4275	5	5	0.0338	1	0:00:16.867763
4280	8	0	0.201	0	0:00:16.880524
4285	1	1	0.111	1	0:00:16.884656
4290	2	2	0.6	1	0:00:16.869727
4295	0	0	0.935	1	0:00:16.872862
4300	8	8	0.79	1	0:00:16.882565
4305	0	0	0.935	1	0:00:16.881261
4310	4	7	0.0213	0	0:00:16.864050
4315	6	-1	0.0	0	0:00:16.889644
4320	1	1	0.037	1	0:00:16.866983
4325	6	6	0.469	1	0:00:16.878882
4330	9	9	0.953	1	0:00:16.893470
4335	9	9	0.766	1	0:00:16.876651
4340	0	0	0.935	1	0:00:16.885224
4345	6	2	0.156	0	0:00:16.873038
4350	4	4	0.265	1	0:00:16.875202
4355	0	3	0.416	0	0:00:16.887861
4360	6	6	0.71	1	0:00:16.899664
4365	9	9	0.556	1	0:00:16.869502
4370	8	8	0.953	1	0:00:16.884063
4375	3	3	0.0629	1	0:00:16.893176
4380	9	9	0.597	1	0:00:16.883185
4385	8	8	0.468	1	0:00:16.882195
4390	5	5	0.886	1	0:00:16.892352
4395	7	7	0.953	1	0:00:16.875050
4400	3	3	0.086	1	0:00:16.885553
4405	6	6	0.654	1	0:00:16.886958
4410	9	9	0.16	1	0:00:16.876719
4415	0	0	0.953	1	0:00:16.901484
4420	5	5	0.21	1	0:00:16.897875
4425	1	1	0.953	1	0:00:16.902819
4430	1	1	0.796	1	0:00:16.877644
4435	3	3	0.156	1	0:00:16.886178
4440	2	4	0.00755	0	0:00:16.895847
4445	9	9	0.202	1	0:00:16.898781
4450	0	0	0.202	1	0:00:16.894677
4455	8	8	0.847	1	0:00:16.881199
4460	9	9	0.785	1	0:00:16.888966
4465	6	6	0.217	1	0:00:16.904086
4470	0	0	0.351	1	0:00:16.866025
4475	1	1	0.953	1	0:00:16.874184
4480	9	9	0.953	1	0:00:16.882865
4485	3	7	0.347	0	0:00:16.882356
4490	0	0	0.77	1	0:00:16.897387
4495	3	3	0.229	1	0:00:16.896620
4500	3	3	0.119	1	0:00:16.877978
4505	4	4	0.705	1	0:00:16.867496
4510	0	0	0.679	1	0:00:16.867112
4515	0	0	0.842	1	0:00:16.878730
4520	3	-1	0.0	0	0:00:16.888353
4525	0	0	0.347	1	0:00:16.879041
4530	5	3	0.114	0	0:00:16.941968
4535	2	2	0.42	1	0:00:16.876829
4540	9	9	0.474	1	0:00:16.888958
4545	3	3	0.703	1	0:00:16.921967
4550	9	3	0.254	0	0:00:16.888074
4555	5	5	0.0269	1	0:00:16.887287
4560	1	1	0.818	1	0:00:16.891730
4565	2	4	0.214	0	0:00:16.885479
4570	9	9	0.461	1	0:00:16.888356
4575	6	6	0.366	1	0:00:16.882350
4580	6	6	0.275	1	0:00:16.881091
4585	8	0	0.0343	0	0:00:16.882186
4590	9	2	0.764	0	0:00:16.901253
4595	9	9	0.167	1	0:00:16.880666
4600	4	7	0.182	0	0:00:16.888137
4605	3	4	0.154	0	0:00:16.877929
4610	6	6	0.19	1	0:00:16.875677
4615	5	-1	0.0	0	0:00:16.896613
4620	7	7	0.172	1	0:00:16.937366
4625	4	4	0.0683	1	0:00:16.924448
4630	2	2	0.196	1	0:00:16.938700
4635	7	7	0.305	1	0:00:16.865421
4640	2	2	0.332	1	0:00:16.871640
4645	4	4	0.0487	1	0:00:16.860495
4650	6	6	0.501	1	0:00:16.870398
4655	7	5	0.141	0	0:00:16.881346
4660	7	6	0.147	0	0:00:16.859325
4665	3	3	0.0289	1	0:00:16.872194
4670	8	8	0.877	1	0:00:16.875164
4675	4	4	0.935	1	0:00:16.926452
4680	9	9	0.355	1	0:00:16.939313
4685	4	4	0.27	1	0:00:16.939897
4690	2	0	0.00289	0	0:00:16.889222
4695	8	8	0.126	1	0:00:16.871073
4700	6	-1	0.0	0	0:00:16.876084
4705	3	-1	0.0	0	0:00:16.911490
4710	3	3	0.364	1	0:00:16.941454
4715	9	9	0.202	1	0:00:16.920720
4720	8	8	0.355	1	0:00:16.900455
4725	9	-1	0.0	0	0:00:16.866713
4730	2	2	0.16	1	0:00:16.880729
4735	8	8	0.21	1	0:00:16.869946
4740	5	3	0.471	0	0:00:16.856972
4745	7	-1	0.0	0	0:00:16.877372
4750	7	9	0.214	0	0:00:16.873728
4755	1	1	0.922	1	0:00:16.878809
4760	3	2	0.519	0	0:00:16.876886
4765	3	3	0.281	1	0:00:16.868394
4770	9	9	0.553	1	0:00:16.868080
4775	2	3	0.151	0	0:00:16.877117
4780	0	0	0.487	1	0:00:16.879162
4785	3	3	0.756	1	0:00:16.874979
4790	1	1	0.272	1	0:00:16.865547
4795	5	3	0.301	0	0:00:16.874082
4800	9	9	0.913	1	0:00:16.884380
4805	5	3	0.292	0	0:00:16.877893
4810	5	5	0.953	1	0:00:16.885100
4815	9	8	0.0354	0	0:00:16.890235
4820	3	3	0.751	1	0:00:16.871513
4825	7	5	0.199	0	0:00:16.867632
4830	3	6	0.169	0	0:00:16.901371
4835	9	9	0.953	1	0:00:16.880603
4840	0	0	0.953	1	0:00:16.852628
4845	3	3	0.338	1	0:00:16.933129
4850	1	1	0.203	1	0:00:16.914811
4855	1	1	0.839	1	0:00:16.881955
4860	5	5	0.869	1	0:00:16.897799
4865	8	8	0.0294	1	0:00:16.913396
4870	8	8	0.298	1	0:00:16.882937
4875	1	1	0.873	1	0:00:16.888556
4880	0	-1	0.0	0	0:00:16.892484
4885	2	2	0.186	1	0:00:16.880021
4890	1	1	0.953	1	0:00:16.899419
4895	1	1	0.687	1	0:00:16.893167
4900	3	3	0.191	1	0:00:16.875013
4905	7	7	0.953	1	0:00:16.909420
4910	8	8	0.124	1	0:00:16.903077
4915	5	5	0.844	1	0:00:16.895751
4920	7	7	0.855	1	0:00:16.882429
4925	5	5	0.109	1	0:00:16.904872
4930	1	1	0.181	1	0:00:16.905410
4935	5	5	0.538	1	0:00:16.883621
4940	6	6	0.37	1	0:00:16.875225
4945	9	1	0.0313	0	0:00:16.907050
4950	2	2	0.494	1	0:00:16.935331
4955	2	0	0.0887	0	0:00:16.948597
4960	4	4	0.00452	1	0:00:16.963967
4965	3	-1	0.0	0	0:00:16.944405
4970	2	-1	0.0	0	0:00:16.938151
4975	3	3	0.456	1	0:00:16.943273
4980	1	9	0.144	0	0:00:16.921246
4985	4	4	0.117	1	0:00:16.929891
4990	7	-1	0.0	0	0:00:16.921625
4995	2	5	0.148	0	0:00:16.939284
5000	7	7	0.953	1	0:00:16.941739
5005	5	-1	0.0	0	0:00:16.923670
5010	7	7	0.68	1	0:00:16.939953
5015	2	2	0.502	1	0:00:16.948824
5020	8	8	0.935	1	0:00:16.931470
5025	5	5	0.146	1	0:00:16.940570
5030	4	4	0.163	1	0:00:16.930700
5035	5	5	0.877	1	0:00:16.918395
5040	3	3	0.444	1	0:00:16.932941
5045	7	7	0.461	1	0:00:16.924573
5050	3	3	0.237	1	0:00:16.925026
5055	0	0	0.953	1	0:00:16.929605
5060	6	-1	0.0	0	0:00:16.943851
5065	0	0	0.922	1	0:00:16.922744
5070	7	7	0.2	1	0:00:16.934124
5075	6	2	0.0746	0	0:00:16.930548
5080	7	7	0.457	1	0:00:16.904859
5085	2	6	0.135	0	0:00:16.932619
5090	1	1	0.421	1	0:00:16.928599
5095	8	8	0.578	1	0:00:16.912896
5100	3	3	0.695	1	0:00:16.944203
5105	7	7	0.737	1	0:00:16.934361
5110	8	8	0.122	1	0:00:16.896994
5115	5	-1	0.0	0	0:00:16.945755
5120	9	9	0.349	1	0:00:16.944735
5125	1	1	0.0815	1	0:00:16.943611
5130	5	8	0.0378	0	0:00:16.924083
5135	1	1	0.738	1	0:00:16.929748
5140	8	8	0.78	1	0:00:16.942511
5145	4	4	0.252	1	0:00:16.925435
5150	4	4	0.274	1	0:00:16.934168
5155	3	5	0.392	0	0:00:16.933048
5160	0	0	0.612	1	0:00:16.927382
5165	2	2	0.21	1	0:00:16.945994
5170	9	9	0.892	1	0:00:16.943846
5175	6	6	0.922	1	0:00:16.929116
5180	9	7	0.113	0	0:00:16.948021
5185	3	-1	0.0	0	0:00:16.953149
5190	0	0	0.292	1	0:00:16.945546
5195	4	-1	0.0	0	0:00:16.956628
5200	3	3	0.532	1	0:00:16.964084
5205	8	0	0.304	0	0:00:16.951479
5210	5	5	0.608	1	0:00:16.960365
5215	2	2	0.449	1	0:00:16.944681
5220	0	0	0.496	1	0:00:16.957738
5225	0	0	0.619	1	0:00:16.950572
5230	8	8	0.142	1	0:00:16.956702
5235	1	5	0.109	0	0:00:16.943411
5240	1	9	0.14	0	0:00:16.956816
5245	1	1	0.953	1	0:00:16.943383
5250	7	7	0.593	1	0:00:16.965511
5255	0	0	0.953	1	0:00:16.944000
5260	0	0	0.935	1	0:00:16.924069
5265	2	2	0.563	1	0:00:16.945530
5270	1	1	0.517	1	0:00:16.965364
5275	2	2	0.352	1	0:00:16.959625
5280	0	4	0.155	0	0:00:16.949750
5285	1	1	0.222	1	0:00:16.932783
5290	3	5	0.31	0	0:00:16.892752
5295	0	0	0.198	1	0:00:16.881916
5300	9	9	0.417	1	0:00:16.882239
5305	7	4	0.0546	0	0:00:16.887052
5310	0	0	0.341	1	0:00:16.900007
5315	9	9	0.788	1	0:00:16.895500
5320	7	-1	0.0	0	0:00:16.881068
5325	8	8	0.469	1	0:00:16.889188
5330	7	-1	0.0	0	0:00:16.885078
5335	9	1	0.0706	0	0:00:16.872218
5340	3	4	0.0815	0	0:00:16.898459
5345	4	4	0.192	1	0:00:16.881467
5350	9	9	0.714	1	0:00:16.870466
5355	8	8	0.935	1	0:00:16.872581
5360	9	9	0.661	1	0:00:16.889012
5365	8	1	0.078	0	0:00:16.871099
5370	6	6	0.15	1	0:00:16.869612
5375	1	1	0.34	1	0:00:16.881718
5380	1	1	0.116	1	0:00:16.875449
5385	2	-1	0.0	0	0:00:16.889412
5390	1	1	0.881	1	0:00:16.873969
5395	0	0	0.36	1	0:00:16.877745
5400	9	9	0.839	1	0:00:16.894270
5405	2	0	0.231	0	0:00:16.865848
5410	3	7	0.729	0	0:00:16.855819
5415	4	4	0.276	1	0:00:16.877239
5420	6	6	0.701	1	0:00:16.877128
5425	6	-1	0.0	0	0:00:16.864194
5430	7	7	0.402	1	0:00:16.880462
5435	7	-1	0.0	0	0:00:16.880997
5440	9	9	0.953	1	0:00:16.880062
5445	7	7	0.935	1	0:00:16.877480
5450	5	3	0.25	0	0:00:16.882949
5455	9	1	0.234	0	0:00:16.873170
5460	0	0	0.935	1	0:00:16.881853
5465	7	7	0.121	1	0:00:16.865341
5470	1	1	0.865	1	0:00:16.869314
5475	0	0	0.953	1	0:00:16.864104
5480	1	1	0.542	1	0:00:16.864761
5485	8	8	0.596	1	0:00:16.862108
5490	3	3	0.154	1	0:00:16.895292
5495	4	4	0.447	1	0:00:16.880407
5500	8	8	0.447	1	0:00:16.875079
5505	4	4	0.524	1	0:00:16.875143
5510	4	4	0.386	1	0:00:16.871978
5515	4	4	0.423	1	0:00:16.885423
5520	4	4	0.0835	1	0:00:16.875625
5525	3	3	0.391	1	0:00:16.875628
5530	3	0	0.221	0	0:00:16.891349
5535	3	3	0.439	1	0:00:16.884497
5540	5	-1	0.0	0	0:00:16.899139
5545	6	6	0.793	1	0:00:16.876802
5550	5	5	0.291	1	0:00:16.871358
5555	4	-1	0.0	0	0:00:16.888068
5560	3	3	0.103	1	0:00:16.875665
5565	3	4	0.00565	0	0:00:16.874747
5570	5	7	0.0605	0	0:00:16.879385
5575	3	5	0.125	0	0:00:16.880239
5580	5	-1	0.0	0	0:00:16.892555
5585	0	0	0.905	1	0:00:16.875170
5590	4	4	0.0501	1	0:00:16.885517
5595	6	6	0.318	1	0:00:16.873493
5600	6	6	0.464	1	0:00:16.881433
5605	3	3	0.257	1	0:00:16.880445
5610	8	8	0.342	1	0:00:16.876464
5615	5	5	0.553	1	0:00:16.893954
5620	3	-1	0.0	0	0:00:16.877289
5625	5	5	0.774	1	0:00:16.882904
5630	3	-1	0.0	0	0:00:16.893135
5635	7	7	0.634	1	0:00:16.891332
5640	2	5	0.116	0	0:00:16.901559
5645	5	3	0.147	0	0:00:16.863595
5650	5	5	0.0445	1	0:00:16.891521
5655	3	-1	0.0	0	0:00:16.876025
5660	9	9	0.536	1	0:00:16.878282
5665	2	0	0.0557	0	0:00:16.874450
5670	4	4	0.264	1	0:00:16.876130
5675	7	7	0.736	1	0:00:16.895685
5680	2	3	0.136	0	0:00:16.892529
5685	1	1	0.913	1	0:00:16.892534
5690	7	4	0.0392	0	0:00:16.877946
5695	7	7	0.735	1	0:00:16.885273
5700	3	5	0.0171	0	0:00:16.878490
5705	2	2	0.203	1	0:00:16.881089
5710	6	6	0.03	1	0:00:16.887213
5715	6	6	0.792	1	0:00:16.879260
5720	9	9	0.953	1	0:00:16.889233
5725	5	3	0.362	0	0:00:16.889512
5730	5	9	0.282	0	0:00:16.886152
5735	0	0	0.953	1	0:00:16.877287
5740	6	-1	0.0	0	0:00:16.861879
5745	5	5	0.229	1	0:00:16.862856
5750	6	6	0.163	1	0:00:16.880900
5755	4	-1	0.0	0	0:00:16.877882
5760	2	2	0.322	1	0:00:16.880273
5765	9	9	0.543	1	0:00:16.867539
5770	8	8	0.855	1	0:00:16.849717
5775	7	7	0.148	1	0:00:16.867734
5780	7	7	0.953	1	0:00:16.875200
5785	2	2	0.935	1	0:00:16.887331
5790	9	9	0.4	1	0:00:16.868244
5795	7	4	0.132	0	0:00:16.889133
5800	2	2	0.935	1	0:00:16.877514
5805	1	1	0.624	1	0:00:16.868620
5810	5	5	0.935	1	0:00:16.870039
5815	3	5	0.00889	0	0:00:16.898435
5820	5	5	0.508	1	0:00:16.880889
5825	3	6	0.237	0	0:00:16.874939
5830	5	6	0.33	0	0:00:16.865882
5835	3	3	0.0457	1	0:00:16.882695
5840	2	2	0.292	1	0:00:16.882093
5845	5	5	0.953	1	0:00:16.878105
5850	6	2	0.0912	0	0:00:16.887893
5855	7	7	0.21	1	0:00:16.881866
5860	0	0	0.288	1	0:00:16.882961
5865	6	6	0.416	1	0:00:16.889976
5870	7	7	0.209	1	0:00:16.878909
5875	1	1	0.935	1	0:00:16.881766
5880	0	0	0.935	1	0:00:16.869156
5885	4	4	0.562	1	0:00:16.878409
5890	3	3	0.0483	1	0:00:16.889947
5895	6	6	0.953	1	0:00:16.881859
5900	4	2	0.046	0	0:00:16.887975
5905	1	1	0.688	1	0:00:16.886015
5910	2	5	0.314	0	0:00:16.885158
5915	5	3	0.421	0	0:00:16.891089
5920	8	8	0.953	1	0:00:16.880333
5925	3	3	0.0878	1	0:00:16.883679
5930	5	2	0.524	0	0:00:16.894088
5935	6	6	0.953	1	0:00:16.869106
5940	7	-1	0.0	0	0:00:16.884643
5945	9	0	0.0144	0	0:00:16.877825
5950	9	9	0.481	1	0:00:16.893399
5955	5	-1	0.0	0	0:00:16.890867
5960	2	6	0.0561	0	0:00:16.900794
5965	7	7	0.953	1	0:00:16.883091
5970	1	1	0.865	1	0:00:16.896038
5975	9	9	0.813	1	0:00:16.875574
5980	9	9	0.913	1	0:00:16.859812
5985	4	4	0.46	1	0:00:16.888401
5990	8	0	0.0834	0	0:00:16.899281
5995	0	0	0.558	1	0:00:16.862155
6000	8	8	0.243	1	0:00:16.879375
6005	4	4	0.332	1	0:00:16.871133
6010	1	-1	0.0	0	0:00:16.880084
6015	0	8	0.312	0	0:00:16.875862
6020	6	6	0.238	1	0:00:16.874492
6025	6	6	0.366	1	0:00:16.889022
6030	8	8	0.609	1	0:00:16.860468
6035	5	3	0.0213	0	0:00:16.879665
6040	2	3	0.0172	0	0:00:16.871274
6045	8	8	0.953	1	0:00:16.867101
6050	2	6	0.185	0	0:00:16.859400
6055	0	0	0.517	1	0:00:16.857788
6060	3	4	0.11	0	0:00:16.875062
6065	5	-1	0.0	0	0:00:16.880896
6070	8	8	0.286	1	0:00:16.887917
6075	3	6	0.116	0	0:00:16.864684
6080	1	1	0.813	1	0:00:16.874699
6085	2	2	0.0638	1	0:00:16.892267
6090	1	1	0.513	1	0:00:16.892563
6095	9	9	0.186	1	0:00:16.860586
6100	1	1	0.771	1	0:00:16.884337
6105	0	0	0.953	1	0:00:16.871405
6110	9	9	0.953	1	0:00:16.872728
6115	8	8	0.656	1	0:00:16.886750
6120	5	5	0.647	1	0:00:16.870023
6125	8	8	0.493	1	0:00:16.884862
6130	1	1	0.205	1	0:00:16.906749
6135	3	2	0.0498	0	0:00:16.873072
6140	9	9	0.833	1	0:00:16.897971
6145	2	3	0.789	0	0:00:16.872990
6150	1	1	0.588	1	0:00:16.894592
6155	8	8	0.807	1	0:00:16.886425
6160	2	2	0.146	1	0:00:16.883089
6165	5	-1	0.0	0	0:00:16.885268
6170	2	2	0.28	1	0:00:16.905228
6175	3	6	0.0276	0	0:00:16.884030
6180	0	0	0.364	1	0:00:16.891262
6185	5	-1	0.0	0	0:00:16.888244
6190	4	4	0.276	1	0:00:16.901310
6195	1	1	0.556	1	0:00:16.894049
6200	3	3	0.224	1	0:00:16.895420
6205	1	1	0.835	1	0:00:16.887334
6210	4	3	0.0604	0	0:00:16.883617
6215	2	2	0.383	1	0:00:16.888909
6220	2	5	0.31	0	0:00:16.882412
6225	3	3	0.176	1	0:00:16.881607
6230	2	2	0.512	1	0:00:16.898605
6235	6	3	0.226	0	0:00:16.894994
6240	2	2	0.335	1	0:00:16.889166
6245	6	6	0.41	1	0:00:16.876799
6250	4	4	0.317	1	0:00:16.880545
6255	6	6	0.283	1	0:00:16.873351
6260	2	2	0.335	1	0:00:16.872988
6265	4	4	0.496	1	0:00:16.880928
6270	2	6	0.322	0	0:00:16.886911
6275	9	9	0.221	1	0:00:16.898482
6280	8	8	0.141	1	0:00:16.878689
6285	8	8	0.211	1	0:00:16.872720
6290	9	1	0.239	0	0:00:16.887734
6295	8	8	0.432	1	0:00:16.886192
6300	1	1	0.722	1	0:00:16.885693
6305	6	4	0.123	0	0:00:16.872410
6310	5	5	0.953	1	0:00:16.897527
6315	6	6	0.195	1	0:00:16.870447
6320	0	0	0.431	1	0:00:16.881552
6325	7	7	0.953	1	0:00:16.873383
6330	6	6	0.708	1	0:00:16.878791
6335	2	2	0.486	1	0:00:16.888623
6340	3	3	0.429	1	0:00:16.879495
6345	3	6	0.129	0	0:00:16.873571
6350	0	0	0.953	1	0:00:16.877869
6355	0	0	0.439	1	0:00:16.877510
6360	2	-1	0.0	0	0:00:16.891751
6365	7	7	0.261	1	0:00:16.889995
6370	6	-1	0.0	0	0:00:16.860728
6375	3	3	0.103	1	0:00:16.881646
6380	3	7	0.0594	0	0:00:16.901941
6385	5	5	0.368	1	0:00:16.889895
6390	7	7	0.953	1	0:00:16.886427
6395	8	8	0.599	1	0:00:16.881159
6400	0	0	0.601	1	0:00:16.885022
6405	1	-1	0.0	0	0:00:16.895604
6410	1	1	0.935	1	0:00:16.882711
6415	1	1	0.425	1	0:00:16.886760
6420	7	7	0.821	1	0:00:16.872957
6425	2	2	0.76	1	0:00:16.881102
6430	1	1	0.212	1	0:00:16.879331
6435	9	9	0.922	1	0:00:16.895179
6440	3	6	0.0878	0	0:00:16.905622
6445	1	1	0.804	1	0:00:16.883762
6450	0	0	0.52	1	0:00:16.882417
6455	6	6	0.181	1	0:00:16.896895
6460	3	3	0.55	1	0:00:16.888427
6465	3	3	0.334	1	0:00:16.890777
6470	1	1	0.041	1	0:00:16.895653
6475	2	2	0.312	1	0:00:16.885361
6480	0	0	0.451	1	0:00:16.880504
6485	9	9	0.628	1	0:00:16.911348
6490	8	9	0.0584	0	0:00:16.906888
6495	7	7	0.547	1	0:00:16.902098
6500	7	-1	0.0	0	0:00:16.887125
6505	4	4	0.163	1	0:00:16.882997
6510	4	5	0.222	0	0:00:16.884457
6515	2	2	0.295	1	0:00:16.907473
6520	6	6	0.138	1	0:00:16.884286
6525	3	3	0.476	1	0:00:16.888197
6530	3	3	0.0655	1	0:00:16.891677
6535	5	5	0.248	1	0:00:16.891749
6540	8	8	0.778	1	0:00:16.873247
6545	9	0	0.5	0	0:00:16.898405
6550	1	1	0.642	1	0:00:16.888814
6555	1	1	0.953	1	0:00:16.889019
6560	6	6	0.226	1	0:00:16.890904
6565	9	9	0.753	1	0:00:16.903869
6570	9	-1	0.0	0	0:00:16.885760
6575	3	3	0.129	1	0:00:16.898373
6580	1	1	0.205	1	0:00:16.889235
6585	1	1	0.935	1	0:00:16.882408
6590	5	7	0.56	0	0:00:16.887144
6595	2	2	0.443	1	0:00:16.899463
6600	7	7	0.953	1	0:00:16.868519
6605	6	6	0.0824	1	0:00:16.886477
6610	8	8	0.905	1	0:00:16.881180
6615	7	7	0.793	1	0:00:16.888560
6620	7	7	0.913	1	0:00:16.889642
6625	4	-1	0.0	0	0:00:16.882905
6630	7	7	0.544	1	0:00:16.886948
6635	6	3	0.0124	0	0:00:16.894126
6640	5	3	0.364	0	0:00:16.898697
6645	6	6	0.076	1	0:00:16.883092
6650	0	0	0.315	1	0:00:16.877937
6655	1	1	0.248	1	0:00:16.892373
6660	0	0	0.749	1	0:00:16.879692
6665	4	-1	0.0	0	0:00:16.886780
6670	3	3	0.213	1	0:00:16.898191
6675	2	2	0.606	1	0:00:16.883137
6680	3	5	0.296	0	0:00:16.878613
6685	1	1	0.247	1	0:00:16.888434
6690	5	5	0.521	1	0:00:16.877909
6695	4	4	0.119	1	0:00:16.883284
6700	6	6	0.758	1	0:00:16.880872
6705	3	2	0.126	0	0:00:16.900705
6710	3	3	0.849	1	0:00:16.889800
6715	2	-1	0.0	0	0:00:16.888271
6720	2	2	0.35	1	0:00:16.892326
6725	8	8	0.953	1	0:00:16.887374
6730	8	8	0.523	1	0:00:16.868343
6735	9	9	0.378	1	0:00:16.877514
6740	2	2	0.601	1	0:00:16.874700
6745	7	7	0.705	1	0:00:16.903105
6750	4	3	0.325	0	0:00:16.868784
6755	9	9	0.414	1	0:00:16.878194
6760	5	5	0.842	1	0:00:16.869557
6765	8	8	0.452	1	0:00:16.893425
6770	1	1	0.953	1	0:00:16.868727
6775	0	0	0.38	1	0:00:16.885542
6780	7	7	0.953	1	0:00:16.885168
6785	6	6	0.218	1	0:00:16.885422
6790	7	3	0.131	0	0:00:16.880573
6795	9	9	0.29	1	0:00:16.883524
6800	6	2	0.0293	0	0:00:16.879647
6805	1	1	0.698	1	0:00:16.879356
6810	8	8	0.781	1	0:00:16.911967
6815	0	0	0.922	1	0:00:16.873475
6820	1	1	0.898	1	0:00:16.880637
6825	3	3	0.518	1	0:00:16.887884
6830	1	1	0.886	1	0:00:16.894213
6835	5	3	0.472	0	0:00:16.896951
6840	9	9	0.457	1	0:00:16.883801
6845	2	0	0.075	0	0:00:16.889145
6850	6	6	0.186	1	0:00:16.893970
6855	4	6	0.132	0	0:00:16.892470
6860	0	0	0.456	1	0:00:16.884840
6865	3	3	0.406	1	0:00:16.880241
6870	7	7	0.347	1	0:00:16.886031
6875	5	5	0.544	1	0:00:16.895774
6880	2	2	0.602	1	0:00:16.886207
6885	0	0	0.736	1	0:00:16.890462
6890	5	3	0.0434	0	0:00:16.883832
6895	2	2	0.425	1	0:00:16.904487
6900	3	3	0.597	1	0:00:16.877409
6905	2	2	0.133	1	0:00:16.891791
6910	7	7	0.489	1	0:00:16.884259
6915	1	1	0.469	1	0:00:16.886748
6920	5	4	0.0744	0	0:00:16.873011
6925	2	2	0.877	1	0:00:16.876479
6930	2	2	0.291	1	0:00:16.896619
6935	7	7	0.293	1	0:00:16.905300
6940	1	1	0.953	1	0:00:16.898084
6945	5	3	0.0987	0	0:00:16.891071
6950	8	8	0.103	1	0:00:16.886211
6955	7	7	0.755	1	0:00:16.875903
6960	9	9	0.00164	1	0:00:16.899793
6965	6	3	0.0271	0	0:00:16.890443
6970	0	-1	0.0	0	0:00:16.902916
6975	8	1	0.159	0	0:00:16.877052
6980	0	8	0.127	0	0:00:16.871444
6985	0	-1	0.0	0	0:00:16.899889
6990	3	3	0.953	1	0:00:16.881150
6995	1	1	0.38	1	0:00:16.879145
7000	2	0	0.0265	0	0:00:16.902144
7005	1	1	0.0781	1	0:00:16.895166
7010	0	0	0.922	1	0:00:16.896411
7015	3	3	0.221	1	0:00:16.886449
7020	7	7	0.953	1	0:00:16.890866
7025	6	6	0.758	1	0:00:16.883018
7030	8	8	0.341	1	0:00:16.895959
7035	1	9	0.543	0	0:00:16.896284
7040	7	-1	0.0	0	0:00:16.895860
7045	3	3	0.258	1	0:00:16.903769
7050	8	8	0.741	1	0:00:16.904805
7055	8	0	0.087	0	0:00:16.892825
7060	8	8	0.881	1	0:00:16.891191
7065	2	4	0.0887	0	0:00:16.903270
7070	7	7	0.658	1	0:00:16.901745
7075	9	9	0.499	1	0:00:16.887056
7080	5	-1	0.0	0	0:00:16.897465
7085	5	5	0.0794	1	0:00:16.890706
7090	2	3	0.0116	0	0:00:16.893693
7095	4	-1	0.0	0	0:00:16.886525
7100	9	3	0.104	0	0:00:16.882365
7105	3	3	0.922	1	0:00:16.879843
7110	3	3	0.179	1	0:00:16.891707
7115	0	0	0.953	1	0:00:16.886410
7120	7	7	0.0282	1	0:00:16.885381
7125	5	5	0.325	1	0:00:16.881598
7130	6	6	0.881	1	0:00:16.903935
7135	4	4	0.239	1	0:00:16.892492
7140	4	4	0.178	1	0:00:16.894336
7145	3	3	0.562	1	0:00:16.904994
7150	3	-1	0.0	0	0:00:16.899003
7155	9	9	0.873	1	0:00:16.886215
7160	5	5	0.811	1	0:00:16.883067
7165	0	0	0.195	1	0:00:16.889886
7170	9	9	0.643	1	0:00:16.889577
7175	7	7	0.277	1	0:00:16.897206
7180	6	6	0.45	1	0:00:16.910457
7185	8	8	0.436	1	0:00:16.885073
7190	2	2	0.556	1	0:00:16.890777
7195	7	2	0.293	0	0:00:16.892030
7200	4	4	0.0103	1	0:00:16.874484
7205	6	-1	0.0	0	0:00:16.882656
7210	3	-1	0.0	0	0:00:16.897694
7215	1	1	0.953	1	0:00:16.893850
7220	9	9	0.135	1	0:00:16.894715
7225	1	1	0.807	1	0:00:16.886143
7230	2	2	0.913	1	0:00:16.903377
7235	2	2	0.176	1	0:00:16.879966
7240	0	0	0.376	1	0:00:16.880130
7245	4	4	0.605	1	0:00:16.890797
7250	8	8	0.795	1	0:00:16.890176
7255	3	6	0.127	0	0:00:16.891518
7260	1	1	0.626	1	0:00:16.892944
7265	5	-1	0.0	0	0:00:16.895290
7270	9	9	0.621	1	0:00:16.890758
7275	3	3	0.139	1	0:00:16.883443
7280	1	1	0.251	1	0:00:16.880598
7285	1	8	0.0345	0	0:00:16.871037
7290	6	-1	0.0	0	0:00:16.879803
7295	5	5	0.858	1	0:00:16.890785
7300	3	3	0.353	1	0:00:16.879112
7305	6	6	0.25	1	0:00:16.890908
7310	3	5	0.26	0	0:00:16.875664
7315	0	-1	0.0	0	0:00:16.895151
7320	8	8	0.0946	1	0:00:16.856050
7325	4	4	0.582	1	0:00:16.873987
7330	5	5	0.0497	1	0:00:16.908491
7335	4	4	0.953	1	0:00:16.876538
7340	2	2	0.267	1	0:00:16.864171
7345	6	6	0.585	1	0:00:16.883857
7350	9	9	0.205	1	0:00:16.879351
7355	7	7	0.898	1	0:00:16.896740
7360	2	5	0.0414	0	0:00:16.887536
7365	4	4	0.0264	1	0:00:16.876707
7370	3	8	0.1	0	0:00:16.889624
7375	2	4	0.18	0	0:00:16.876723
7380	7	7	0.674	1	0:00:16.897495
7385	9	9	0.953	1	0:00:16.880312
7390	6	6	0.0299	1	0:00:16.877157
7395	2	5	0.0438	0	0:00:16.888210
7400	3	3	0.364	1	0:00:16.876622
7405	7	7	0.953	1	0:00:16.869908
7410	4	6	0.0751	0	0:00:16.875391
7415	3	3	0.362	1	0:00:16.888552
7420	3	4	0.0958	0	0:00:16.887162
7425	2	2	0.23	1	0:00:16.904982
7430	2	2	0.478	1	0:00:16.878387
7435	7	7	0.254	1	0:00:16.890532
7440	3	3	0.32	1	0:00:16.873543
7445	6	6	0.27	1	0:00:16.898871
7450	1	1	0.953	1	0:00:16.899454
7455	1	9	0.424	0	0:00:16.906951
7460	5	5	0.881	1	0:00:16.897668
7465	0	0	0.599	1	0:00:16.903890
7470	9	9	0.338	1	0:00:16.890028
7475	3	3	0.705	1	0:00:16.907372
7480	1	8	0.288	0	0:00:16.889083
7485	8	8	0.8	1	0:00:16.884446
7490	4	4	0.458	1	0:00:16.898698
7495	7	7	0.5	1	0:00:16.888095
7500	6	6	0.953	1	0:00:16.903848
7505	7	7	0.647	1	0:00:16.901038
7510	8	8	0.444	1	0:00:16.893790
7515	8	8	0.339	1	0:00:16.893551
7520	4	4	0.209	1	0:00:16.892973
7525	8	8	0.724	1	0:00:16.884447
7530	2	-1	0.0	0	0:00:16.898499
7535	1	1	0.717	1	0:00:16.886308
7540	5	5	0.953	1	0:00:16.893079
7545	5	-1	0.0	0	0:00:16.906404
7550	4	4	0.744	1	0:00:16.897259
7555	1	1	0.953	1	0:00:16.877221
7560	0	0	0.176	1	0:00:16.882228
7565	1	1	0.727	1	0:00:16.879058
7570	1	1	0.953	1	0:00:16.885613
7575	8	8	0.852	1	0:00:16.890842
7580	8	8	0.665	1	0:00:16.893926
7585	6	6	0.953	1	0:00:16.886159
7590	2	4	0.318	0	0:00:16.904909
7595	1	1	0.287	1	0:00:16.873971
7600	8	-1	0.0	0	0:00:16.890613
7605	2	2	0.0298	1	0:00:16.876712
7610	7	7	0.142	1	0:00:16.887645
7615	5	5	0.137	1	0:00:16.887894
7620	5	-1	0.0	0	0:00:16.896309
7625	7	7	0.291	1	0:00:16.874626
7630	9	9	0.898	1	0:00:16.897153
7635	9	9	0.506	1	0:00:16.892842
7640	9	8	0.297	0	0:00:16.898151
7645	0	0	0.593	1	0:00:16.883296
7650	2	2	0.389	1	0:00:16.898396
7655	8	8	0.567	1	0:00:16.862297
7660	7	7	0.477	1	0:00:16.885610
7665	9	9	0.229	1	0:00:16.888932
7670	2	2	0.456	1	0:00:16.891559
7675	8	3	0.0828	0	0:00:16.884433
7680	3	5	0.383	0	0:00:16.897936
7685	9	1	0.451	0	0:00:16.884725
7690	6	6	0.501	1	0:00:16.885785
7695	8	8	0.55	1	0:00:16.877703
7700	6	6	0.712	1	0:00:16.895017
7705	7	4	0.191	0	0:00:16.878209
7710	9	9	0.756	1	0:00:16.891269
7715	1	1	0.953	1	0:00:16.878725
7720	5	5	0.00763	1	0:00:16.884777
7725	4	4	0.0313	1	0:00:16.868158
7730	4	-1	0.0	0	0:00:16.890584
7735	4	-1	0.0	0	0:00:16.876172
7740	4	4	0.183	1	0:00:16.883789
7745	7	7	0.645	1	0:00:16.882554
7750	3	4	0.229	0	0:00:16.875273
7755	7	7	0.953	1	0:00:16.890038
7760	2	9	0.00557	0	0:00:16.891803
7765	8	8	0.913	1	0:00:16.887561
7770	9	9	0.905	1	0:00:16.891867
7775	2	2	0.343	1	0:00:16.883325
7780	3	8	0.183	0	0:00:16.871144
7785	4	-1	0.0	0	0:00:16.879735
7790	8	0	0.056	0	0:00:16.886973
7795	5	6	0.0917	0	0:00:16.894597
7800	0	0	0.259	1	0:00:16.890157
7805	9	9	0.197	1	0:00:16.890561
7810	6	6	0.709	1	0:00:16.885192
7815	0	1	0.129	0	0:00:16.884071
7820	5	5	0.00829	1	0:00:16.878703
7825	3	3	0.757	1	0:00:16.870274
7830	2	7	0.0414	0	0:00:16.894943
7835	0	0	0.953	1	0:00:16.885097
7840	1	1	0.953	1	0:00:16.886994
7845	2	2	0.847	1	0:00:16.893750
7850	0	0	0.583	1	0:00:16.884644
7855	2	2	0.406	1	0:00:16.892725
7860	8	8	0.136	1	0:00:16.883581
7865	3	-1	0.0	0	0:00:16.881201
7870	6	6	0.625	1	0:00:16.888384
7875	2	2	0.563	1	0:00:16.901279
7880	0	0	0.254	1	0:00:16.891663
7885	3	3	0.413	1	0:00:16.887143
7890	6	6	0.634	1	0:00:16.889226
7895	4	6	0.0815	0	0:00:16.903678
7900	0	4	0.0249	0	0:00:16.902245
7905	3	3	0.411	1	0:00:16.884036
7910	3	5	0.0659	0	0:00:16.897983
7915	3	3	0.701	1	0:00:16.897678
7920	9	9	0.282	1	0:00:16.890888
7925	0	0	0.862	1	0:00:16.884539
7930	2	0	0.557	0	0:00:16.884887
7935	7	7	0.134	1	0:00:16.900471
7940	2	2	0.0145	1	0:00:16.879227
7945	6	6	0.504	1	0:00:16.890225
7950	9	9	0.881	1	0:00:16.892267
7955	9	9	0.808	1	0:00:16.895308
7960	0	0	0.219	1	0:00:16.898653
7965	7	7	0.953	1	0:00:16.889680
7970	3	3	0.462	1	0:00:16.875167
7975	2	-1	0.0	0	0:00:16.896964
7980	3	3	0.518	1	0:00:16.894287
7985	5	5	0.0865	1	0:00:16.898966
7990	0	0	0.189	1	0:00:16.882902
7995	8	8	0.869	1	0:00:16.883386
8000	9	9	0.569	1	0:00:16.895213
8005	1	1	0.953	1	0:00:16.878013
8010	2	5	0.159	0	0:00:16.893883
8015	8	8	0.278	1	0:00:16.871875
8020	6	3	0.0793	0	0:00:16.904162
8025	5	5	0.0227	1	0:00:16.880013
8030	2	2	0.629	1	0:00:16.882557
8035	1	1	0.453	1	0:00:16.891610
8040	2	2	0.758	1	0:00:16.894239
8045	5	5	0.485	1	0:00:16.885421
8050	7	7	0.685	1	0:00:16.885945
8055	2	2	0.348	1	0:00:16.891251
8060	6	6	0.922	1	0:00:16.893612
8065	9	9	0.0929	1	0:00:16.901844
8070	5	5	0.615	1	0:00:16.899777
8075	8	8	0.659	1	0:00:16.867558
8080	4	4	0.203	1	0:00:16.887185
8085	2	-1	0.0	0	0:00:16.890983
8090	6	6	0.0495	1	0:00:16.887769
8095	2	-1	0.0	0	0:00:16.904056
8100	6	6	0.388	1	0:00:16.882307
8105	0	0	0.428	1	0:00:16.883599
8110	5	6	0.442	0	0:00:16.887322
8115	5	3	0.352	0	0:00:16.894830
8120	8	9	0.518	0	0:00:16.895972
8125	8	-1	0.0	0	0:00:16.875343
8130	6	6	0.358	1	0:00:16.891361
8135	7	-1	0.0	0	0:00:16.872968
8140	5	3	0.104	0	0:00:16.890740
8145	9	9	0.238	1	0:00:16.891128
8150	6	6	0.953	1	0:00:16.898125
8155	1	1	0.953	1	0:00:16.896030
8160	6	6	0.858	1	0:00:16.881395
8165	1	1	0.569	1	0:00:16.898367
8170	5	5	0.546	1	0:00:16.894792
8175	3	-1	0.0	0	0:00:16.873457
8180	4	4	0.293	1	0:00:16.896461
8185	0	0	0.524	1	0:00:16.856732
8190	4	6	0.23	0	0:00:16.885588
8195	8	8	0.765	1	0:00:16.884165
8200	3	4	0.258	0	0:00:16.878446
8205	2	2	0.406	1	0:00:16.890228
8210	0	0	0.935	1	0:00:16.883485
8215	1	1	0.862	1	0:00:16.882170
8220	6	6	0.0765	1	0:00:16.895840
8225	9	9	0.527	1	0:00:16.885898
8230	0	0	0.425	1	0:00:16.881147
8235	7	7	0.953	1	0:00:16.879484
8240	7	7	0.823	1	0:00:16.868224
8245	3	3	0.227	1	0:00:16.896084
8250	6	6	0.772	1	0:00:16.885468
8255	9	9	0.587	1	0:00:16.902388
8260	1	1	0.753	1	0:00:16.899709
8265	0	0	0.862	1	0:00:16.878282
8270	6	6	0.755	1	0:00:16.898284
8275	3	-1	0.0	0	0:00:16.884126
8280	4	4	0.664	1	0:00:16.898436
8285	9	9	0.422	1	0:00:16.888601
8290	8	8	0.333	1	0:00:16.885425
8295	3	3	0.0943	1	0:00:16.900495
8300	5	3	0.0426	0	0:00:16.883617
8305	4	4	0.123	1	0:00:16.883545
8310	3	3	0.677	1	0:00:16.885380
8315	6	6	0.271	1	0:00:16.871694
8320	7	4	0.0989	0	0:00:16.889240
8325	8	-1	0.0	0	0:00:16.884992
8330	5	5	0.953	1	0:00:16.886299
8335	7	3	0.394	0	0:00:16.899906
8340	5	5	0.104	1	0:00:16.882897
8345	9	9	0.106	1	0:00:16.893496
8350	9	-1	0.0	0	0:00:16.887388
8355	9	9	0.953	1	0:00:16.885625
8360	7	7	0.935	1	0:00:16.896558
8365	6	6	0.922	1	0:00:16.888000
8370	4	4	0.0394	1	0:00:16.888269
8375	4	4	0.109	1	0:00:16.879878
8380	9	9	0.739	1	0:00:16.908607
8385	9	9	0.0171	1	0:00:16.887241
8390	1	1	0.953	1	0:00:16.890005
8395	1	1	0.65	1	0:00:16.891779
8400	0	0	0.33	1	0:00:16.893938
8405	0	-1	0.0	0	0:00:16.890688
8410	5	3	0.371	0	0:00:16.889804
8415	0	0	0.768	1	0:00:16.903597
8420	3	6	0.473	0	0:00:16.902758
8425	6	2	0.217	0	0:00:16.882983
8430	9	9	0.953	1	0:00:16.903605
8435	3	3	0.157	1	0:00:16.897433
8440	5	5	0.325	1	0:00:16.887749
8445	1	1	0.613	1	0:00:16.903010
8450	9	-1	0.0	0	0:00:16.904442
8455	1	1	0.953	1	0:00:16.889077
8460	8	8	0.821	1	0:00:16.890656
8465	9	9	0.308	1	0:00:16.885187
8470	8	8	0.678	1	0:00:16.906740
8475	9	9	0.287	1	0:00:16.886676
8480	2	2	0.555	1	0:00:16.908877
8485	0	0	0.935	1	0:00:16.892420
8490	3	5	0.157	0	0:00:16.893236
8495	1	1	0.795	1	0:00:16.901721
8500	4	4	0.614	1	0:00:16.895426
8505	5	5	0.408	1	0:00:16.886283
8510	7	7	0.953	1	0:00:16.901375
8515	8	8	0.953	1	0:00:16.900550
8520	8	8	0.0587	1	0:00:16.898781
8525	3	3	0.258	1	0:00:16.895185
8530	8	8	0.62	1	0:00:16.904101
8535	7	5	0.15	0	0:00:16.906815
8540	4	4	0.0319	1	0:00:16.891213
8545	6	3	0.0123	0	0:00:16.885412
8550	1	1	0.695	1	0:00:16.893548
8555	5	5	0.408	1	0:00:16.897470
8560	7	7	0.905	1	0:00:16.908389
8565	7	7	0.394	1	0:00:16.882981
8570	6	6	0.32	1	0:00:16.888747
8575	9	9	0.849	1	0:00:16.869536
8580	3	3	0.102	1	0:00:16.905305
8585	9	9	0.46	1	0:00:16.909806
8590	0	2	0.0181	0	0:00:16.891749
8595	1	1	0.171	1	0:00:16.884340
8600	3	3	0.109	1	0:00:16.874702
8605	6	6	0.737	1	0:00:16.893888
8610	2	2	0.319	1	0:00:16.895756
8615	9	9	0.788	1	0:00:16.901884
8620	3	3	0.0906	1	0:00:16.884219
8625	5	5	0.284	1	0:00:16.883849
8630	5	5	0.577	1	0:00:16.895918
8635	6	6	0.493	1	0:00:16.890318
8640	1	1	0.564	1	0:00:16.899031
8645	1	1	0.905	1	0:00:16.888772
8650	2	5	0.0714	0	0:00:16.898688
8655	8	8	0.785	1	0:00:16.877930
8660	7	7	0.849	1	0:00:16.879794
8665	3	3	0.507	1	0:00:16.894835
8670	9	6	0.233	0	0:00:16.899957
8675	7	7	0.349	1	0:00:16.892443
8680	3	3	0.00582	1	0:00:16.890887
8685	7	7	0.466	1	0:00:16.876497
8690	8	8	0.213	1	0:00:16.886168
8695	4	4	0.398	1	0:00:16.880080
8700	3	3	0.5	1	0:00:16.888020
8705	6	6	0.346	1	0:00:16.902653
8710	7	7	0.111	1	0:00:16.878298
8715	2	2	0.768	1	0:00:16.898108
8720	2	0	0.51	0	0:00:16.883539
8725	8	8	0.833	1	0:00:16.895160
8730	2	-1	0.0	0	0:00:16.882698
8735	3	3	0.314	1	0:00:16.903113
8740	2	2	0.104	1	0:00:16.892036
8745	5	5	0.892	1	0:00:16.892179
8750	9	9	0.953	1	0:00:16.893288
8755	6	6	0.542	1	0:00:16.879809
8760	8	8	0.953	1	0:00:16.899709
8765	2	2	0.392	1	0:00:16.891077
8770	6	3	0.191	0	0:00:16.894649
8775	1	1	0.0252	1	0:00:16.900223
8780	4	4	0.344	1	0:00:16.888697
8785	8	8	0.387	1	0:00:16.874771
8790	0	0	0.0236	1	0:00:16.900677
8795	0	0	0.953	1	0:00:16.898978
8800	0	0	0.423	1	0:00:16.870969
8805	9	9	0.922	1	0:00:16.883751
8810	2	3	0.056	0	0:00:16.888620
8815	3	5	0.257	0	0:00:16.864889
8820	2	2	0.953	1	0:00:16.879920
8825	0	8	0.284	0	0:00:16.899189
8830	9	9	0.811	1	0:00:16.893669
8835	7	7	0.892	1	0:00:16.891588
8840	2	5	0.0722	0	0:00:16.878479
8845	2	2	0.768	1	0:00:16.902947
8850	1	1	0.234	1	0:00:16.891150
8855	4	-1	0.0	0	0:00:16.882726
8860	2	2	0.905	1	0:00:16.876821
8865	7	7	0.865	1	0:00:16.890676
8870	5	5	0.464	1	0:00:16.879124
8875	8	8	0.62	1	0:00:16.872917
8880	1	1	0.833	1	0:00:16.884781
8885	3	3	0.773	1	0:00:16.900047
8890	8	8	0.58	1	0:00:16.891228
8895	0	0	0.489	1	0:00:16.887575
8900	2	2	0.0295	1	0:00:16.890806
8905	8	8	0.176	1	0:00:16.895223
8910	1	1	0.247	1	0:00:16.879891
8915	9	9	0.886	1	0:00:16.894691
8920	6	6	0.375	1	0:00:16.887391
8925	0	0	0.546	1	0:00:16.895708
8930	3	3	0.291	1	0:00:16.881468
8935	0	0	0.589	1	0:00:16.879722
8940	6	3	0.578	0	0:00:16.873533
8945	1	1	0.953	1	0:00:16.897233
8950	9	9	0.886	1	0:00:16.874648
8955	1	1	0.0199	1	0:00:16.902966
8960	0	0	0.146	1	0:00:16.886750
8965	4	4	0.166	1	0:00:16.870797
8970	0	0	0.953	1	0:00:16.900021
8975	8	8	0.953	1	0:00:16.880891
8980	9	9	0.953	1	0:00:16.885765
8985	9	0	0.301	0	0:00:16.878081
8990	1	1	0.953	1	0:00:16.901669
8995	9	9	0.672	1	0:00:16.876510
9000	8	8	0.953	1	0:00:16.892931
9005	5	5	0.269	1	0:00:16.861221
9010	8	5	0.145	0	0:00:16.895851
9015	8	8	0.537	1	0:00:16.897807
9020	7	7	0.405	1	0:00:16.886273
9025	5	5	0.76	1	0:00:16.897310
9030	2	2	0.461	1	0:00:16.896586
9035	4	-1	0.0	0	0:00:16.889913
9040	2	5	0.527	0	0:00:16.905851
9045	0	0	0.953	1	0:00:16.894274
9050	5	3	0.562	0	0:00:16.879106
9055	6	6	0.881	1	0:00:16.881083
9060	9	9	0.597	1	0:00:16.884949
9065	0	0	0.242	1	0:00:16.882773
9070	2	2	0.869	1	0:00:16.882258
9075	0	0	0.792	1	0:00:16.877030
9080	3	3	0.137	1	0:00:16.903554
9085	9	-1	0.0	0	0:00:16.885030
9090	2	2	0.0796	1	0:00:16.883157
9095	5	5	0.0447	1	0:00:16.872037
9100	9	1	0.17	0	0:00:16.882747
9105	8	8	0.344	1	0:00:16.895313
9110	1	1	0.886	1	0:00:16.880827
9115	8	8	0.953	1	0:00:16.875070
9120	3	-1	0.0	0	0:00:16.891694
9125	1	1	0.823	1	0:00:16.874921
9130	8	8	0.782	1	0:00:16.870448
9135	7	7	0.314	1	0:00:16.895799
9140	7	-1	0.0	0	0:00:16.882748
9145	1	1	0.249	1	0:00:16.899153
9150	6	6	0.723	1	0:00:16.866559
9155	5	5	0.558	1	0:00:16.873586
9160	5	-1	0.0	0	0:00:16.878052
9165	4	4	0.378	1	0:00:16.895055
9170	0	9	0.285	0	0:00:16.889389
9175	8	8	0.603	1	0:00:16.888808
9180	5	5	0.858	1	0:00:16.879841
9185	1	1	0.164	1	0:00:16.899585
9190	3	5	0.056	0	0:00:16.892823
9195	6	6	0.502	1	0:00:16.896456
9200	8	8	0.51	1	0:00:16.892885
9205	4	4	0.182	1	0:00:16.886770
9210	7	7	0.862	1	0:00:16.893464
9215	5	5	0.338	1	0:00:16.889609
9220	8	8	0.953	1	0:00:16.881375
9225	5	-1	0.0	0	0:00:16.881574
9230	2	-1	0.0	0	0:00:16.887545
9235	0	0	0.881	1	0:00:16.897779
9240	8	8	0.563	1	0:00:16.898680
9245	1	1	0.858	1	0:00:16.894411
9250	3	2	0.0864	0	0:00:16.891632
9255	3	3	0.274	1	0:00:16.889003
9260	5	5	0.247	1	0:00:16.891107
9265	1	1	0.643	1	0:00:16.886919
9270	9	9	0.935	1	0:00:16.907847
9275	8	8	0.49	1	0:00:16.906058
9280	9	9	0.149	1	0:00:16.895732
9285	8	8	0.805	1	0:00:16.889850
9290	4	4	0.373	1	0:00:16.905363
9295	3	3	0.316	1	0:00:16.885905
9300	5	3	0.0132	0	0:00:16.905922
9305	5	-1	0.0	0	0:00:16.884108
9310	3	3	0.0118	1	0:00:16.900489
9315	7	7	0.192	1	0:00:16.883637
9320	9	9	0.813	1	0:00:16.893743
9325	6	6	0.205	1	0:00:16.899264
9330	4	-1	0.0	0	0:00:16.891271
9335	4	4	0.935	1	0:00:16.889607
9340	1	1	0.953	1	0:00:16.882389
9345	1	1	0.162	1	0:00:16.897505
9350	6	6	0.295	1	0:00:16.891973
9355	6	8	0.0148	0	0:00:16.893512
9360	5	0	0.537	0	0:00:16.907163
9365	6	6	0.668	1	0:00:16.904306
9370	8	8	0.0367	1	0:00:16.889954
9375	3	5	0.0402	0	0:00:16.893081
9380	5	3	0.056	0	0:00:16.910411
9385	7	5	0.308	0	0:00:16.885771
9390	7	7	0.953	1	0:00:16.894032
9395	7	7	0.953	1	0:00:16.888972
9400	6	6	0.769	1	0:00:16.873556
9405	8	8	0.847	1	0:00:16.884025
9410	5	5	0.705	1	0:00:16.887173
9415	0	4	0.41	0	0:00:16.884560
9420	5	5	0.418	1	0:00:16.892103
9425	6	6	0.394	1	0:00:16.886161
9430	6	6	0.194	1	0:00:16.879677
9435	2	2	0.34	1	0:00:16.855540
9440	8	8	0.488	1	0:00:16.859036
9445	9	7	0.301	0	0:00:16.859462
9450	6	6	0.247	1	0:00:16.842563
9455	1	1	0.922	1	0:00:16.851524
9460	3	3	0.131	1	0:00:16.832302
9465	5	7	0.238	0	0:00:16.838531
9470	9	9	0.731	1	0:00:16.849648
9475	2	2	0.137	1	0:00:16.828745
9480	2	2	0.221	1	0:00:16.836171
9485	7	7	0.255	1	0:00:16.849059
9490	8	8	0.307	1	0:00:16.816018
9495	0	0	0.447	1	0:00:16.825885
9500	9	9	0.594	1	0:00:16.857880
9505	3	-1	0.0	0	0:00:16.843834
9510	1	1	0.384	1	0:00:16.844436
9515	0	0	0.103	1	0:00:16.857410
9520	1	1	0.12	1	0:00:16.838593
9525	2	2	0.587	1	0:00:16.855920
9530	6	6	0.953	1	0:00:16.848980
9535	1	1	0.569	1	0:00:16.848494
9540	5	5	0.442	1	0:00:16.848335
9545	9	9	0.953	1	0:00:16.859720
9550	6	6	0.858	1	0:00:16.830329
9555	4	-1	0.0	0	0:00:16.843926
9560	9	-1	0.0	0	0:00:16.856234
9565	0	0	0.953	1	0:00:16.825214
9570	7	7	0.905	1	0:00:16.850819
9575	5	5	0.419	1	0:00:16.842018
9580	1	1	0.842	1	0:00:16.849300
9585	4	4	0.138	1	0:00:16.854351
9590	0	8	0.752	0	0:00:16.839091
9595	7	7	0.281	1	0:00:16.847791
9600	8	8	0.272	1	0:00:16.839059
9605	5	5	0.248	1	0:00:16.855872
9610	4	4	0.473	1	0:00:16.860469
9615	6	6	0.458	1	0:00:16.855289
9620	4	4	0.264	1	0:00:16.845173
9625	2	2	0.766	1	0:00:16.831863
9630	6	6	0.0781	1	0:00:16.846439
9635	7	7	0.0793	1	0:00:16.858535
9640	5	5	0.359	1	0:00:16.847235
9645	1	1	0.953	1	0:00:16.833949
9650	8	8	0.935	1	0:00:16.843713
9655	8	8	0.573	1	0:00:16.838719
9660	6	6	0.953	1	0:00:16.852251
9665	3	5	0.37	0	0:00:16.830287
9670	1	1	0.953	1	0:00:16.845068
9675	4	4	0.21	1	0:00:16.855885
9680	8	8	0.666	1	0:00:16.846052
9685	0	0	0.286	1	0:00:16.828804
9690	4	4	0.143	1	0:00:16.852515
9695	0	0	0.585	1	0:00:16.840236
9700	0	0	0.56	1	0:00:16.855050
9705	6	6	0.206	1	0:00:16.840791
9710	7	7	0.589	1	0:00:16.843163
9715	4	3	0.0966	0	0:00:16.852786
9720	8	-1	0.0	0	0:00:16.841454
9725	8	8	0.336	1	0:00:16.837245
9730	6	6	0.298	1	0:00:16.855716
9735	6	6	0.0843	1	0:00:16.852026
9740	3	6	0.17	0	0:00:16.860683
9745	3	3	0.803	1	0:00:16.849237
9750	2	2	0.408	1	0:00:16.860410
9755	3	2	0.301	0	0:00:16.842347
9760	9	5	0.0127	0	0:00:16.829551
9765	4	4	0.722	1	0:00:16.819504
9770	4	-1	0.0	0	0:00:16.848182
9775	9	9	0.935	1	0:00:16.845237
9780	4	-1	0.0	0	0:00:16.847748
9785	8	8	0.00627	1	0:00:16.836360
9790	8	8	0.511	1	0:00:16.844579
9795	4	-1	0.0	0	0:00:16.838113
9800	1	1	0.953	1	0:00:16.843626
9805	2	2	0.0403	1	0:00:16.833674
9810	8	8	0.484	1	0:00:16.849304
9815	5	2	0.121	0	0:00:16.800592
9820	0	8	0.162	0	0:00:16.842173
9825	2	2	0.304	1	0:00:16.827956
9830	1	1	0.519	1	0:00:16.838093
9835	7	7	0.363	1	0:00:16.821321
9840	4	7	0.443	0	0:00:16.826177
9845	9	9	0.14	1	0:00:16.821679
9850	7	4	0.279	0	0:00:16.834027
9855	7	7	0.676	1	0:00:16.841489
9860	0	-1	0.0	0	0:00:16.834733
9865	1	1	0.507	1	0:00:16.813616
9870	2	2	0.204	1	0:00:16.826434
9875	9	-1	0.0	0	0:00:16.823341
9880	7	7	0.18	1	0:00:16.834651
9885	8	8	0.698	1	0:00:16.829118
9890	0	0	0.953	1	0:00:16.830475
9895	4	4	0.835	1	0:00:16.846106
9900	8	8	0.935	1	0:00:16.838223
9905	1	1	0.521	1	0:00:16.827570
9910	4	4	0.349	1	0:00:16.848472
9915	2	2	0.814	1	0:00:16.829711
9920	6	6	0.873	1	0:00:16.840044
9925	4	4	0.526	1	0:00:16.845929
9930	8	3	0.216	0	0:00:16.803548
9935	1	1	0.869	1	0:00:16.810951
9940	4	-1	0.0	0	0:00:16.821184
9945	7	7	0.913	1	0:00:16.803721
9950	3	4	0.073	0	0:00:16.802570
9955	8	8	0.804	1	0:00:16.811416
9960	2	0	0.849	0	0:00:16.788395
9965	2	2	0.172	1	0:00:16.799544
9970	2	4	0.489	0	0:00:16.795229
9975	7	7	0.953	1	0:00:16.820092
9980	0	0	0.953	1	0:00:16.792205
9985	5	5	0.381	1	0:00:16.800308
9990	7	7	0.468	1	0:00:16.791030
9995	8	8	0.554	1	0:00:16.797673
