idx	label	predict	radius	correct	time
0	3	3	0.27	1	0:00:15.711578
5	6	6	0.306	1	0:00:15.630065
10	0	0	0.325	1	0:00:15.809996
15	8	8	0.913	1	0:00:16.013208
20	7	7	0.407	1	0:00:16.173387
25	2	2	0.736	1	0:00:16.334591
30	6	6	0.382	1	0:00:16.480466
35	2	1	0.134	0	0:00:16.801852
40	4	4	0.279	1	0:00:17.137627
45	9	9	0.953	1	0:00:17.311177
50	9	9	0.953	1	0:00:17.466563
55	8	8	0.176	1	0:00:17.553338
60	7	7	0.953	1	0:00:17.648586
65	2	2	0.276	1	0:00:17.711691
70	2	2	0.0318	1	0:00:17.714550
75	2	2	0.539	1	0:00:17.659900
80	8	8	0.668	1	0:00:17.656690
85	5	7	0.862	0	0:00:17.656712
90	0	0	0.0513	1	0:00:17.662127
95	6	6	0.0239	1	0:00:17.660048
100	4	5	0.203	0	0:00:17.659357
105	1	1	0.953	1	0:00:17.657798
110	4	4	0.0875	1	0:00:17.658544
115	3	3	0.439	1	0:00:17.686438
120	8	8	0.213	1	0:00:17.654722
125	0	6	0.0105	0	0:00:17.636992
130	4	2	0.171	0	0:00:17.638507
135	2	2	0.369	1	0:00:17.597870
140	6	6	0.0116	1	0:00:17.624936
145	7	7	0.197	1	0:00:17.607042
150	8	8	0.377	1	0:00:17.603771
155	5	5	0.343	1	0:00:17.594133
160	2	2	0.36	1	0:00:17.584166
165	4	2	0.119	0	0:00:17.584530
170	9	9	0.725	1	0:00:17.591440
175	9	9	0.953	1	0:00:17.597701
180	0	0	0.543	1	0:00:17.588400
185	8	8	0.784	1	0:00:17.583028
190	5	5	0.0581	1	0:00:17.572867
195	2	2	0.19	1	0:00:17.593968
200	5	5	0.414	1	0:00:17.598101
205	3	3	0.448	1	0:00:17.581596
210	7	6	0.103	0	0:00:17.587228
215	0	0	0.0634	1	0:00:17.581225
220	7	7	0.722	1	0:00:17.567515
225	9	9	0.124	1	0:00:17.574627
230	5	5	0.905	1	0:00:17.592866
235	0	0	0.953	1	0:00:17.583978
240	1	1	0.953	1	0:00:17.591989
245	3	3	0.245	1	0:00:17.585438
250	5	-1	0.0	0	0:00:17.593385
255	0	0	0.153	1	0:00:17.574903
260	8	8	0.285	1	0:00:17.595269
265	8	8	0.8	1	0:00:17.591427
270	2	-1	0.0	0	0:00:17.594933
275	5	3	0.205	0	0:00:17.577264
280	9	9	0.429	1	0:00:17.572031
285	9	9	0.953	1	0:00:17.583039
290	1	1	0.953	1	0:00:17.588427
295	4	2	0.0219	0	0:00:17.576895
300	6	6	0.873	1	0:00:17.590736
305	1	1	0.511	1	0:00:17.572160
310	8	8	0.11	1	0:00:17.592724
315	0	0	0.719	1	0:00:17.593931
320	3	3	0.0694	1	0:00:17.598628
325	1	1	0.482	1	0:00:17.593439
330	1	1	0.953	1	0:00:17.579949
335	9	9	0.441	1	0:00:17.596969
340	2	4	0.225	0	0:00:17.575281
345	5	5	0.935	1	0:00:17.589130
350	9	9	0.502	1	0:00:17.586308
355	7	7	0.204	1	0:00:17.588215
360	9	9	0.586	1	0:00:17.581943
365	4	4	0.0626	1	0:00:17.594389
370	4	4	0.0767	1	0:00:17.594812
375	7	7	0.587	1	0:00:17.600866
380	6	6	0.449	1	0:00:17.577933
385	8	8	0.782	1	0:00:17.568805
390	1	1	0.935	1	0:00:17.596957
395	6	6	0.405	1	0:00:17.596790
400	9	9	0.578	1	0:00:17.596109
405	4	-1	0.0	0	0:00:17.589026
410	7	7	0.399	1	0:00:17.587903
415	9	9	0.693	1	0:00:17.591902
420	4	4	0.676	1	0:00:17.586212
425	9	9	0.869	1	0:00:17.587681
430	2	4	0.303	0	0:00:17.588346
435	7	7	0.42	1	0:00:17.599442
440	1	1	0.525	1	0:00:17.600128
445	7	7	0.0708	1	0:00:17.599512
450	2	2	0.529	1	0:00:17.599847
455	4	2	0.0446	0	0:00:17.593720
460	5	5	0.753	1	0:00:17.581710
465	4	4	0.121	1	0:00:17.604177
470	3	-1	0.0	0	0:00:17.599498
475	7	7	0.827	1	0:00:17.590540
480	8	9	0.202	0	0:00:17.604163
485	9	-1	0.0	0	0:00:17.594115
490	1	1	0.877	1	0:00:17.592850
495	8	8	0.474	1	0:00:17.584666
500	4	6	0.158	0	0:00:17.589520
505	4	4	0.573	1	0:00:17.586028
510	5	5	0.723	1	0:00:17.604214
515	3	3	0.297	1	0:00:17.609131
520	5	5	0.0738	1	0:00:17.574949
525	5	-1	0.0	0	0:00:17.595840
530	9	9	0.484	1	0:00:17.585253
535	6	6	0.666	1	0:00:17.587312
540	1	1	0.751	1	0:00:17.585005
545	9	9	0.741	1	0:00:17.593580
550	5	2	0.00733	0	0:00:17.590275
555	4	8	0.164	0	0:00:17.574084
560	0	0	0.953	1	0:00:17.583575
565	3	5	0.458	0	0:00:17.599033
570	6	6	0.542	1	0:00:17.593835
575	6	6	0.322	1	0:00:17.573756
580	4	4	0.452	1	0:00:17.598729
585	9	9	0.591	1	0:00:17.588803
590	6	6	0.354	1	0:00:17.592854
595	4	4	0.277	1	0:00:17.581741
600	8	8	0.459	1	0:00:17.586229
605	6	6	0.953	1	0:00:17.609430
610	6	6	0.535	1	0:00:17.601065
615	8	-1	0.0	0	0:00:17.587608
620	7	7	0.766	1	0:00:17.595031
625	9	9	0.109	1	0:00:17.589484
630	2	8	0.281	0	0:00:17.568348
635	6	6	0.316	1	0:00:17.593033
640	5	3	0.739	0	0:00:17.574083
645	1	1	0.831	1	0:00:17.588745
650	3	3	0.539	1	0:00:17.594524
655	2	4	0.617	0	0:00:17.595305
660	9	9	0.686	1	0:00:17.598038
665	8	-1	0.0	0	0:00:17.604238
670	6	6	0.662	1	0:00:17.582588
675	0	0	0.128	1	0:00:17.594073
680	9	9	0.131	1	0:00:17.572765
685	6	2	0.391	0	0:00:17.600927
690	3	-1	0.0	0	0:00:17.598127
695	3	4	0.0879	0	0:00:17.595023
700	7	7	0.953	1	0:00:17.586216
705	4	4	0.495	1	0:00:17.599337
710	6	2	0.264	0	0:00:17.603010
715	3	3	0.168	1	0:00:17.572065
720	4	4	0.00742	1	0:00:17.587279
725	2	1	0.0476	0	0:00:17.567236
730	4	5	0.0633	0	0:00:17.611854
735	4	2	0.209	0	0:00:17.604948
740	2	5	0.0958	0	0:00:17.596636
745	7	7	0.707	1	0:00:17.589721
750	9	9	0.869	1	0:00:17.597337
755	2	4	0.275	0	0:00:17.601345
760	3	3	0.0659	1	0:00:17.586061
765	2	2	0.873	1	0:00:17.599932
770	6	6	0.206	1	0:00:17.593270
775	2	4	0.32	0	0:00:17.587485
780	9	9	0.519	1	0:00:17.578390
785	0	0	0.08	1	0:00:17.602469
790	3	0	0.953	0	0:00:17.590810
795	7	7	0.369	1	0:00:17.606184
800	7	7	0.953	1	0:00:17.605143
805	4	4	0.135	1	0:00:17.571852
810	5	3	0.374	0	0:00:17.586782
815	8	8	0.913	1	0:00:17.601203
820	6	2	0.00681	0	0:00:17.604192
825	3	3	0.0405	1	0:00:17.594028
830	1	1	0.431	1	0:00:17.596541
835	4	4	0.0332	1	0:00:17.597594
840	7	7	0.953	1	0:00:17.584008
845	3	2	0.0324	0	0:00:17.610070
850	7	3	0.218	0	0:00:17.610857
855	7	7	0.807	1	0:00:17.592867
860	4	4	0.205	1	0:00:17.592144
865	1	1	0.769	1	0:00:17.585609
870	3	3	0.333	1	0:00:17.582311
875	8	8	0.462	1	0:00:17.578955
880	8	8	0.487	1	0:00:17.585895
885	0	0	0.576	1	0:00:17.584363
890	4	-1	0.0	0	0:00:17.571973
895	1	1	0.211	1	0:00:17.581341
900	2	6	0.00437	0	0:00:17.567115
905	7	7	0.216	1	0:00:17.581798
910	5	5	0.129	1	0:00:17.595885
915	1	1	0.953	1	0:00:17.577574
920	6	6	0.156	1	0:00:17.590794
925	5	3	0.953	0	0:00:17.566615
930	4	4	0.27	1	0:00:17.600818
935	2	2	0.614	1	0:00:17.578533
940	9	9	0.631	1	0:00:17.576815
945	3	3	0.191	1	0:00:17.574400
950	3	3	0.115	1	0:00:17.590983
955	7	7	0.865	1	0:00:17.581570
960	9	9	0.847	1	0:00:17.596259
965	6	-1	0.0	0	0:00:17.589518
970	9	9	0.695	1	0:00:17.585876
975	0	0	0.953	1	0:00:17.577294
980	2	-1	0.0	0	0:00:17.598428
985	8	8	0.922	1	0:00:17.595057
990	1	1	0.423	1	0:00:17.588516
995	3	2	0.0844	0	0:00:17.572850
1000	5	5	0.905	1	0:00:17.604043
1005	1	1	0.886	1	0:00:17.578912
1010	0	0	0.953	1	0:00:17.580637
1015	4	4	0.228	1	0:00:17.593889
1020	1	1	0.953	1	0:00:17.601043
1025	5	5	0.57	1	0:00:17.584001
1030	3	3	0.858	1	0:00:17.582971
1035	6	6	0.0512	1	0:00:17.593906
1040	7	5	0.115	0	0:00:17.596071
1045	5	5	0.0958	1	0:00:17.600678
1050	3	0	0.327	0	0:00:17.600635
1055	5	5	0.509	1	0:00:17.602688
1060	9	9	0.953	1	0:00:17.595512
1065	3	9	0.123	0	0:00:17.592974
1070	3	3	0.516	1	0:00:17.603516
1075	8	-1	0.0	0	0:00:17.598207
1080	6	6	0.386	1	0:00:17.593406
1085	4	4	0.922	1	0:00:17.604602
1090	0	0	0.589	1	0:00:17.590664
1095	2	2	0.391	1	0:00:17.594368
1100	7	-1	0.0	0	0:00:17.597329
1105	4	3	0.381	0	0:00:17.595276
1110	2	2	0.953	1	0:00:17.600006
1115	1	1	0.582	1	0:00:17.595197
1120	5	5	0.0586	1	0:00:17.604081
1125	6	6	0.606	1	0:00:17.591573
1130	7	-1	0.0	0	0:00:17.596300
1135	6	6	0.545	1	0:00:17.607454
1140	6	6	0.308	1	0:00:17.579280
1145	4	-1	0.0	0	0:00:17.598731
1150	2	7	0.274	0	0:00:17.603523
1155	9	1	0.127	0	0:00:17.589820
1160	8	8	0.0687	1	0:00:17.595422
1165	0	0	0.651	1	0:00:17.583594
1170	7	7	0.953	1	0:00:17.595477
1175	9	9	0.474	1	0:00:17.597102
1180	3	3	0.53	1	0:00:17.585893
1185	1	1	0.00221	1	0:00:17.595405
1190	1	1	0.676	1	0:00:17.585248
1195	6	6	0.852	1	0:00:17.591079
1200	8	0	0.0499	0	0:00:17.600358
1205	8	8	0.34	1	0:00:17.589745
1210	0	0	0.562	1	0:00:17.592775
1215	7	7	0.76	1	0:00:17.600522
1220	9	3	0.113	0	0:00:17.600612
1225	6	6	0.39	1	0:00:17.595422
1230	5	3	0.623	0	0:00:17.589794
1235	5	5	0.0229	1	0:00:17.594224
1240	2	6	0.198	0	0:00:17.596494
1245	6	6	0.54	1	0:00:17.587419
1250	7	7	0.547	1	0:00:17.586466
1255	4	4	0.634	1	0:00:17.598992
1260	1	1	0.0784	1	0:00:17.578817
1265	9	1	0.651	0	0:00:17.587676
1270	1	1	0.43	1	0:00:17.596388
1275	3	3	0.321	1	0:00:17.589515
1280	3	3	0.352	1	0:00:17.577070
1285	9	9	0.13	1	0:00:17.594140
1290	5	5	0.408	1	0:00:17.607785
1295	0	0	0.935	1	0:00:17.582868
1300	4	3	0.417	0	0:00:17.579445
1305	9	9	0.76	1	0:00:17.581471
1310	0	0	0.544	1	0:00:17.580100
1315	4	4	0.358	1	0:00:17.572313
1320	7	7	0.63	1	0:00:17.587720
1325	2	2	0.142	1	0:00:17.584227
1330	2	-1	0.0	0	0:00:17.546897
1335	1	1	0.953	1	0:00:17.584334
1340	1	1	0.709	1	0:00:17.583522
1345	4	4	0.0108	1	0:00:17.578884
1350	4	-1	0.0	0	0:00:17.567944
1355	5	-1	0.0	0	0:00:17.582265
1360	7	7	0.652	1	0:00:17.580549
1365	0	0	0.852	1	0:00:17.572377
1370	9	-1	0.0	0	0:00:17.588944
1375	4	4	0.827	1	0:00:17.570587
1380	4	5	0.306	0	0:00:17.577590
1385	5	5	0.354	1	0:00:17.588173
1390	6	6	0.953	1	0:00:17.578966
1395	3	-1	0.0	0	0:00:17.588977
1400	5	3	0.178	0	0:00:17.608714
1405	1	1	0.394	1	0:00:17.588296
1410	1	1	0.953	1	0:00:17.579743
1415	7	7	0.663	1	0:00:17.603060
1420	4	7	0.00676	0	0:00:17.587560
1425	4	3	0.252	0	0:00:17.577808
1430	8	8	0.219	1	0:00:17.589149
1435	1	1	0.749	1	0:00:17.581985
1440	0	0	0.269	1	0:00:17.620122
1445	3	4	0.255	0	0:00:17.606085
1450	2	2	0.533	1	0:00:17.578898
1455	6	6	0.835	1	0:00:17.603752
1460	6	6	0.76	1	0:00:17.582329
1465	9	9	0.338	1	0:00:17.591212
1470	7	3	0.105	0	0:00:17.591859
1475	9	9	0.638	1	0:00:17.592063
1480	1	1	0.73	1	0:00:17.596491
1485	0	0	0.763	1	0:00:17.573497
1490	8	8	0.953	1	0:00:17.592645
1495	2	0	0.515	0	0:00:17.588455
1500	1	1	0.609	1	0:00:17.587873
1505	2	-1	0.0	0	0:00:17.594444
1510	8	8	0.377	1	0:00:17.574040
1515	2	2	0.353	1	0:00:17.594313
1520	7	7	0.64	1	0:00:17.583624
1525	3	-1	0.0	0	0:00:17.564436
1530	3	9	0.215	0	0:00:17.584634
1535	4	4	0.0873	1	0:00:17.589486
1540	8	8	0.858	1	0:00:17.584379
1545	1	1	0.372	1	0:00:17.579276
1550	6	6	0.505	1	0:00:17.597277
1555	0	0	0.607	1	0:00:17.565344
1560	7	7	0.953	1	0:00:17.599228
1565	6	6	0.707	1	0:00:17.596957
1570	4	7	0.105	0	0:00:17.596536
1575	2	2	0.449	1	0:00:17.580383
1580	6	1	0.158	0	0:00:17.603479
1585	7	7	0.953	1	0:00:17.580256
1590	4	0	0.0267	0	0:00:17.573104
1595	3	5	0.235	0	0:00:17.596254
1600	8	9	0.0764	0	0:00:17.582418
1605	3	2	0.252	0	0:00:17.578841
1610	2	-1	0.0	0	0:00:17.595025
1615	7	7	0.953	1	0:00:17.573313
1620	5	3	0.0805	0	0:00:17.593319
1625	3	3	0.0764	1	0:00:17.570436
1630	9	9	0.478	1	0:00:17.606512
1635	7	7	0.73	1	0:00:17.589515
1640	7	7	0.184	1	0:00:17.590784
1645	4	4	0.347	1	0:00:17.579309
1650	5	5	0.953	1	0:00:17.588034
1655	8	8	0.36	1	0:00:17.600493
1660	3	3	0.223	1	0:00:17.611246
1665	6	6	0.905	1	0:00:17.581383
1670	6	4	0.102	0	0:00:17.588499
1675	5	7	0.072	0	0:00:17.594310
1680	6	6	0.421	1	0:00:17.592514
1685	8	4	0.088	0	0:00:17.605084
1690	2	2	0.0613	1	0:00:17.589292
1695	9	9	0.177	1	0:00:17.592537
1700	5	3	0.0989	0	0:00:17.589631
1705	0	0	0.953	1	0:00:17.594080
1710	4	4	0.0365	1	0:00:17.596174
1715	3	-1	0.0	0	0:00:17.589414
1720	4	4	0.476	1	0:00:17.598542
1725	0	0	0.953	1	0:00:17.588922
1730	4	0	0.0187	0	0:00:17.592629
1735	0	0	0.428	1	0:00:17.598469
1740	1	1	0.708	1	0:00:17.590682
1745	5	5	0.284	1	0:00:17.585094
1750	8	8	0.314	1	0:00:17.595543
1755	7	7	0.312	1	0:00:17.596686
1760	0	0	0.801	1	0:00:17.594156
1765	4	-1	0.0	0	0:00:17.593949
1770	7	7	0.33	1	0:00:17.580457
1775	3	3	0.485	1	0:00:17.595523
1780	7	7	0.305	1	0:00:17.597727
1785	0	0	0.441	1	0:00:17.574749
1790	7	7	0.0262	1	0:00:17.598598
1795	6	6	0.245	1	0:00:17.605441
1800	4	4	0.103	1	0:00:17.587003
1805	8	8	0.638	1	0:00:17.577052
1810	1	1	0.735	1	0:00:17.607177
1815	9	9	0.81	1	0:00:17.589025
1820	8	8	0.657	1	0:00:17.579973
1825	2	2	0.953	1	0:00:17.606108
1830	3	2	0.149	0	0:00:17.599726
1835	0	4	0.0928	0	0:00:17.590000
1840	8	9	0.197	0	0:00:17.570969
1845	7	7	0.327	1	0:00:17.587436
1850	1	-1	0.0	0	0:00:17.589107
1855	5	5	0.453	1	0:00:17.569111
1860	8	8	0.953	1	0:00:17.567048
1865	7	7	0.881	1	0:00:17.607719
1870	2	2	0.953	1	0:00:17.585447
1875	0	0	0.953	1	0:00:17.595459
1880	1	1	0.953	1	0:00:17.581237
1885	5	5	0.492	1	0:00:17.608945
1890	6	6	0.235	1	0:00:17.589667
1895	8	1	0.0816	0	0:00:17.596085
1900	8	8	0.78	1	0:00:17.567958
1905	3	6	0.111	0	0:00:17.586703
1910	4	4	0.25	1	0:00:17.600128
1915	9	9	0.953	1	0:00:17.584417
1920	2	2	0.892	1	0:00:17.596943
1925	1	1	0.858	1	0:00:17.595485
1930	1	1	0.77	1	0:00:17.593878
1935	6	2	0.0167	0	0:00:17.604477
1940	5	5	0.55	1	0:00:17.596099
1945	4	-1	0.0	0	0:00:17.586267
1950	5	3	0.0238	0	0:00:17.587122
1955	2	7	0.201	0	0:00:17.578000
1960	2	5	0.407	0	0:00:17.592267
1965	0	0	0.562	1	0:00:17.600501
1970	1	1	0.953	1	0:00:17.587575
1975	6	3	0.306	0	0:00:17.583199
1980	9	9	0.68	1	0:00:17.568136
1985	6	-1	0.0	0	0:00:17.580441
1990	4	4	0.11	1	0:00:17.578573
1995	2	2	0.418	1	0:00:17.585739
2000	1	1	0.347	1	0:00:17.601388
2005	5	-1	0.0	0	0:00:17.579606
2010	7	7	0.36	1	0:00:17.587769
2015	4	4	0.213	1	0:00:17.582871
2020	9	9	0.855	1	0:00:17.586645
2025	4	4	0.144	1	0:00:17.593613
2030	4	7	0.0487	0	0:00:17.589272
2035	6	6	0.0402	1	0:00:17.576514
2040	0	0	0.842	1	0:00:17.578234
2045	1	1	0.397	1	0:00:17.582674
2050	8	8	0.759	1	0:00:17.579173
2055	5	5	0.865	1	0:00:17.576409
2060	5	3	0.128	0	0:00:17.589999
2065	2	-1	0.0	0	0:00:17.576511
2070	2	2	0.199	1	0:00:17.573873
2075	4	7	0.264	0	0:00:17.568727
2080	1	9	0.0493	0	0:00:17.568882
2085	0	0	0.126	1	0:00:17.597654
2090	2	2	0.773	1	0:00:17.577594
2095	0	0	0.881	1	0:00:17.588076
2100	2	2	0.407	1	0:00:17.581871
2105	6	6	0.321	1	0:00:17.596300
2110	0	0	0.479	1	0:00:17.598621
2115	5	5	0.662	1	0:00:17.603020
2120	4	8	0.0634	0	0:00:17.585891
2125	1	2	0.304	0	0:00:17.577390
2130	0	0	0.362	1	0:00:17.581420
2135	8	8	0.709	1	0:00:17.574574
2140	9	9	0.905	1	0:00:17.594280
2145	7	4	0.0973	0	0:00:17.596532
2150	9	9	0.592	1	0:00:17.577117
2155	9	0	0.137	0	0:00:17.586501
2160	0	0	0.419	1	0:00:17.599382
2165	2	0	0.478	0	0:00:17.593054
2170	2	2	0.953	1	0:00:17.576679
2175	3	5	0.0307	0	0:00:17.592715
2180	4	4	0.338	1	0:00:17.586220
2185	0	1	0.169	0	0:00:17.582075
2190	9	9	0.392	1	0:00:17.575403
2195	4	-1	0.0	0	0:00:17.581887
2200	0	0	0.0894	1	0:00:17.581637
2205	5	5	0.402	1	0:00:17.587915
2210	2	2	0.628	1	0:00:17.599627
2215	0	0	0.11	1	0:00:17.607602
2220	1	1	0.953	1	0:00:17.582120
2225	7	7	0.697	1	0:00:17.579478
2230	3	3	0.343	1	0:00:17.583136
2235	2	2	0.953	1	0:00:17.594383
2240	9	9	0.273	1	0:00:17.590127
2245	8	8	0.0725	1	0:00:17.587815
2250	7	7	0.39	1	0:00:17.589219
2255	1	1	0.441	1	0:00:17.597421
2260	4	4	0.504	1	0:00:17.585475
2265	8	8	0.922	1	0:00:17.575876
2270	2	-1	0.0	0	0:00:17.589911
2275	6	6	0.27	1	0:00:17.607296
2280	4	4	0.0552	1	0:00:17.587926
2285	3	-1	0.0	0	0:00:17.609581
2290	9	9	0.533	1	0:00:17.597923
2295	8	8	0.582	1	0:00:17.593468
2300	3	3	0.0498	1	0:00:17.590923
2305	9	-1	0.0	0	0:00:17.607289
2310	6	-1	0.0	0	0:00:17.586583
2315	2	2	0.565	1	0:00:17.597789
2320	5	2	0.311	0	0:00:17.585095
2325	7	3	0.286	0	0:00:17.593206
2330	0	0	0.414	1	0:00:17.584192
2335	5	3	0.308	0	0:00:17.573972
2340	7	7	0.953	1	0:00:17.583177
2345	1	1	0.953	1	0:00:17.583885
2350	3	5	0.123	0	0:00:17.578184
2355	9	1	0.185	0	0:00:17.585023
2360	7	7	0.0278	1	0:00:17.584813
2365	7	7	0.609	1	0:00:17.598466
2370	0	0	0.753	1	0:00:17.583411
2375	0	0	0.18	1	0:00:17.576359
2380	8	8	0.567	1	0:00:17.598967
2385	4	7	0.0555	0	0:00:17.582003
2390	1	1	0.453	1	0:00:17.588572
2395	7	0	0.105	0	0:00:17.577978
2400	0	0	0.953	1	0:00:17.572355
2405	3	6	0.953	0	0:00:17.566123
2410	3	3	0.811	1	0:00:17.593403
2415	6	6	0.387	1	0:00:17.581355
2420	8	-1	0.0	0	0:00:17.596627
2425	0	0	0.324	1	0:00:17.582344
2430	7	7	0.411	1	0:00:17.585624
2435	6	6	0.1	1	0:00:17.584116
2440	7	7	0.649	1	0:00:17.601990
2445	6	6	0.953	1	0:00:17.606680
2450	1	1	0.953	1	0:00:17.582120
2455	6	6	0.338	1	0:00:17.600043
2460	9	9	0.175	1	0:00:17.597656
2465	9	9	0.296	1	0:00:17.584626
2470	7	7	0.953	1	0:00:17.600253
2475	6	6	0.953	1	0:00:17.570109
2480	8	8	0.804	1	0:00:17.579913
2485	6	6	0.935	1	0:00:17.574046
2490	0	0	0.119	1	0:00:17.599435
2495	9	8	0.796	0	0:00:17.594052
2500	4	6	0.164	0	0:00:17.579188
2505	7	-1	0.0	0	0:00:17.608682
2510	4	4	0.404	1	0:00:17.583777
2515	2	2	0.208	1	0:00:17.607744
2520	1	1	0.341	1	0:00:17.585668
2525	5	-1	0.0	0	0:00:17.575011
2530	6	6	0.0445	1	0:00:17.559782
2535	0	6	0.0278	0	0:00:17.596735
2540	2	2	0.183	1	0:00:17.588259
2545	4	4	0.47	1	0:00:17.587232
2550	4	4	0.167	1	0:00:17.572945
2555	7	7	0.114	1	0:00:17.594524
2560	7	7	0.458	1	0:00:17.581841
2565	3	3	0.121	1	0:00:17.578219
2570	0	2	0.166	0	0:00:17.559434
2575	5	4	0.351	0	0:00:17.578784
2580	6	5	0.106	0	0:00:17.573206
2585	3	3	0.0973	1	0:00:17.584509
2590	5	3	0.198	0	0:00:17.594984
2595	4	4	0.552	1	0:00:17.562819
2600	8	8	0.766	1	0:00:17.570613
2605	4	4	0.322	1	0:00:17.560831
2610	2	2	0.953	1	0:00:17.584054
2615	7	7	0.588	1	0:00:17.592887
2620	1	1	0.377	1	0:00:17.581732
2625	2	2	0.823	1	0:00:17.580228
2630	2	2	0.342	1	0:00:17.569019
2635	6	4	0.0129	0	0:00:17.585639
2640	7	7	0.953	1	0:00:17.603390
2645	1	1	0.953	1	0:00:17.587640
2650	5	2	0.155	0	0:00:17.576998
2655	4	0	0.17	0	0:00:17.574950
2660	3	3	0.251	1	0:00:17.583945
2665	1	1	0.953	1	0:00:17.580472
2670	9	9	0.801	1	0:00:17.589012
2675	2	2	0.292	1	0:00:17.601675
2680	0	0	0.953	1	0:00:17.584533
2685	2	4	0.446	0	0:00:17.590724
2690	2	-1	0.0	0	0:00:17.587131
2695	2	2	0.342	1	0:00:17.582427
2700	9	1	0.299	0	0:00:17.571933
2705	8	0	0.331	0	0:00:17.590297
2710	7	7	0.953	1	0:00:17.585388
2715	0	0	0.922	1	0:00:17.574148
2720	3	3	0.333	1	0:00:17.593436
2725	8	8	0.662	1	0:00:17.585226
2730	6	6	0.396	1	0:00:17.599247
2735	2	-1	0.0	0	0:00:17.589598
2740	1	1	0.521	1	0:00:17.567719
2745	8	8	0.789	1	0:00:17.586281
2750	5	5	0.953	1	0:00:17.584947
2755	5	7	0.361	0	0:00:17.567701
2760	2	2	0.829	1	0:00:17.595939
2765	9	9	0.602	1	0:00:17.565028
2770	7	5	0.0328	0	0:00:17.587259
2775	3	3	0.56	1	0:00:17.584043
2780	7	7	0.953	1	0:00:17.571511
2785	4	4	0.244	1	0:00:17.596818
2790	8	8	0.953	1	0:00:17.574003
2795	3	3	0.29	1	0:00:17.574530
2800	4	4	0.266	1	0:00:17.592157
2805	4	4	0.576	1	0:00:17.588519
2810	9	7	0.466	0	0:00:17.570335
2815	3	3	0.152	1	0:00:17.577458
2820	6	6	0.898	1	0:00:17.572162
2825	2	2	0.0456	1	0:00:17.565793
2830	6	6	0.953	1	0:00:17.584908
2835	4	3	0.121	0	0:00:17.557848
2840	3	3	0.953	1	0:00:17.578708
2845	5	2	0.103	0	0:00:17.583985
2850	5	5	0.844	1	0:00:17.576607
2855	3	4	0.171	0	0:00:17.566042
2860	5	4	0.0356	0	0:00:17.595217
2865	6	6	0.316	1	0:00:17.589648
2870	8	8	0.346	1	0:00:17.561511
2875	1	1	0.436	1	0:00:17.589287
2880	4	4	0.905	1	0:00:17.568259
2885	5	5	0.953	1	0:00:17.583215
2890	5	5	0.145	1	0:00:17.591912
2895	7	5	0.852	0	0:00:17.578132
2900	3	5	0.148	0	0:00:17.574375
2905	4	4	0.279	1	0:00:17.580570
2910	8	8	0.148	1	0:00:17.576150
2915	5	5	0.827	1	0:00:17.598804
2920	2	3	0.301	0	0:00:17.594324
2925	4	4	0.108	1	0:00:17.576917
2930	7	7	0.208	1	0:00:17.570569
2935	8	8	0.298	1	0:00:17.573952
2940	3	-1	0.0	0	0:00:17.582869
2945	7	7	0.159	1	0:00:17.560330
2950	1	1	0.477	1	0:00:17.577596
2955	2	7	0.202	0	0:00:17.577794
2960	9	9	0.0117	1	0:00:17.573784
2965	7	7	0.667	1	0:00:17.588099
2970	5	5	0.045	1	0:00:17.585083
2975	9	2	0.268	0	0:00:17.576422
2980	8	8	0.414	1	0:00:17.574949
2985	2	9	0.275	0	0:00:17.583462
2990	4	4	0.427	1	0:00:17.589025
2995	4	4	0.239	1	0:00:17.594363
3000	5	5	0.905	1	0:00:17.572917
3005	0	2	0.0609	0	0:00:17.597363
3010	6	6	0.685	1	0:00:17.572690
3015	6	6	0.759	1	0:00:17.597385
3020	1	1	0.905	1	0:00:17.588156
3025	2	6	0.00955	0	0:00:17.601812
3030	6	6	0.398	1	0:00:17.593303
3035	3	3	0.48	1	0:00:17.582053
3040	7	7	0.953	1	0:00:17.579723
3045	5	5	0.792	1	0:00:17.574628
3050	0	0	0.575	1	0:00:17.597141
3055	9	9	0.0593	1	0:00:17.583044
3060	7	7	0.862	1	0:00:17.583500
3065	3	3	0.401	1	0:00:17.577040
3070	0	0	0.383	1	0:00:17.587085
3075	6	3	0.235	0	0:00:17.583317
3080	1	1	0.223	1	0:00:17.579739
3085	2	2	0.296	1	0:00:17.589139
3090	4	4	0.455	1	0:00:17.606569
3095	4	4	0.0967	1	0:00:17.602763
3100	0	0	0.56	1	0:00:17.571693
3105	1	1	0.842	1	0:00:17.597030
3110	7	7	0.0253	1	0:00:17.569234
3115	5	5	0.0722	1	0:00:17.602343
3120	4	-1	0.0	0	0:00:17.582445
3125	3	-1	0.0	0	0:00:17.587301
3130	3	5	0.437	0	0:00:17.585528
3135	7	5	0.209	0	0:00:17.593841
3140	8	8	0.565	1	0:00:17.586574
3145	9	9	0.259	1	0:00:17.590493
3150	1	1	0.0838	1	0:00:17.601172
3155	8	8	0.637	1	0:00:17.584185
3160	6	-1	0.0	0	0:00:17.602041
3165	1	1	0.27	1	0:00:17.585025
3170	9	9	0.831	1	0:00:17.574846
3175	1	1	0.913	1	0:00:17.596483
3180	3	3	0.141	1	0:00:17.580039
3185	2	6	0.358	0	0:00:17.605713
3190	3	3	0.793	1	0:00:17.585591
3195	5	-1	0.0	0	0:00:17.586451
3200	5	5	0.495	1	0:00:17.579144
3205	8	8	0.545	1	0:00:17.589252
3210	9	9	0.953	1	0:00:17.575659
3215	1	1	0.953	1	0:00:17.581132
3220	3	9	0.284	0	0:00:17.571047
3225	9	9	0.608	1	0:00:17.582600
3230	3	-1	0.0	0	0:00:17.590809
3235	5	5	0.266	1	0:00:17.568851
3240	4	-1	0.0	0	0:00:17.562534
3245	7	7	0.721	1	0:00:17.584610
3250	2	6	0.474	0	0:00:17.574633
3255	5	5	0.323	1	0:00:17.559081
3260	7	7	0.682	1	0:00:17.577701
3265	8	8	0.762	1	0:00:17.571818
3270	8	0	0.163	0	0:00:17.577224
3275	5	7	0.369	0	0:00:17.576735
3280	3	5	0.309	0	0:00:17.587353
3285	1	1	0.905	1	0:00:17.583693
3290	5	5	0.451	1	0:00:17.579981
3295	9	9	0.745	1	0:00:17.576736
3300	4	4	0.238	1	0:00:17.581905
3305	9	9	0.779	1	0:00:17.593058
3310	6	6	0.451	1	0:00:17.582754
3315	3	3	0.162	1	0:00:17.611188
3320	2	7	0.566	0	0:00:17.580794
3325	6	6	0.133	1	0:00:17.591255
3330	7	7	0.953	1	0:00:17.594287
3335	0	8	0.222	0	0:00:17.583284
3340	6	6	0.528	1	0:00:17.600692
3345	7	7	0.953	1	0:00:17.578499
3350	8	8	0.583	1	0:00:17.565073
3355	5	0	0.0325	0	0:00:17.590307
3360	4	4	0.463	1	0:00:17.572520
3365	9	9	0.689	1	0:00:17.577156
3370	1	1	0.781	1	0:00:17.578941
3375	4	4	0.253	1	0:00:17.575644
3380	8	8	0.827	1	0:00:17.566355
3385	8	8	0.143	1	0:00:17.576032
3390	3	5	0.275	0	0:00:17.575264
3395	9	9	0.801	1	0:00:17.585996
3400	6	4	0.319	0	0:00:17.578966
3405	7	7	0.913	1	0:00:17.576379
3410	4	4	0.632	1	0:00:17.579166
3415	7	5	0.234	0	0:00:17.585124
3420	5	3	0.0465	0	0:00:17.568594
3425	0	2	0.0347	0	0:00:17.589586
3430	8	8	0.429	1	0:00:17.578155
3435	6	6	0.922	1	0:00:17.582750
3440	2	3	0.592	0	0:00:17.557223
3445	0	0	0.953	1	0:00:17.590257
3450	9	1	0.366	0	0:00:17.580955
3455	6	6	0.253	1	0:00:17.578735
3460	1	1	0.766	1	0:00:17.556103
3465	6	6	0.586	1	0:00:17.580636
3470	7	-1	0.0	0	0:00:17.589434
3475	0	0	0.591	1	0:00:17.586990
3480	2	2	0.953	1	0:00:17.555799
3485	1	1	0.245	1	0:00:17.586679
3490	0	8	0.318	0	0:00:17.597039
3495	2	5	0.155	0	0:00:17.574343
3500	1	1	0.561	1	0:00:17.581250
3505	4	-1	0.0	0	0:00:17.578384
3510	4	4	0.11	1	0:00:17.593082
3515	8	8	0.858	1	0:00:17.560282
3520	1	1	0.953	1	0:00:17.574026
3525	2	-1	0.0	0	0:00:17.561033
3530	6	6	0.953	1	0:00:17.613811
3535	5	5	0.529	1	0:00:17.589677
3540	6	6	0.662	1	0:00:17.585656
3545	4	4	0.935	1	0:00:17.570052
3550	0	4	0.256	0	0:00:17.588779
3555	6	6	0.197	1	0:00:17.582393
3560	1	1	0.0175	1	0:00:17.582107
3565	1	1	0.898	1	0:00:17.575487
3570	3	3	0.357	1	0:00:17.577979
3575	3	3	0.224	1	0:00:17.577334
3580	4	4	0.213	1	0:00:17.601736
3585	8	8	0.755	1	0:00:17.577009
3590	7	7	0.953	1	0:00:17.582439
3595	2	2	0.0763	1	0:00:17.578589
3600	4	2	0.102	0	0:00:17.601148
3605	6	4	0.0555	0	0:00:17.582814
3610	5	5	0.192	1	0:00:17.593641
3615	6	7	0.175	0	0:00:17.596480
3620	0	0	0.366	1	0:00:17.585971
3625	8	8	0.21	1	0:00:17.585306
3630	8	8	0.953	1	0:00:17.589219
3635	4	4	0.389	1	0:00:17.576024
3640	6	2	0.292	0	0:00:17.592042
3645	1	1	0.0333	1	0:00:17.581537
3650	0	0	0.862	1	0:00:17.581443
3655	9	9	0.471	1	0:00:17.574861
3660	0	0	0.508	1	0:00:17.592673
3665	7	7	0.253	1	0:00:17.593088
3670	9	9	0.284	1	0:00:17.587328
3675	4	4	0.935	1	0:00:17.581362
3680	0	0	0.0969	1	0:00:17.595785
3685	2	2	0.543	1	0:00:17.574369
3690	9	9	0.414	1	0:00:17.585612
3695	8	8	0.935	1	0:00:17.570594
3700	3	3	0.644	1	0:00:17.585890
3705	8	8	0.321	1	0:00:17.561592
3710	2	2	0.225	1	0:00:17.572753
3715	1	6	0.051	0	0:00:17.599203
3720	2	2	0.953	1	0:00:17.578861
3725	2	5	0.0413	0	0:00:17.570283
3730	1	1	0.488	1	0:00:17.582733
3735	5	-1	0.0	0	0:00:17.598045
3740	0	0	0.837	1	0:00:17.582614
3745	1	1	0.953	1	0:00:17.574584
3750	9	1	0.0308	0	0:00:17.578130
3755	9	1	0.258	0	0:00:17.573302
3760	7	7	0.953	1	0:00:17.580854
3765	0	8	0.0744	0	0:00:17.575027
3770	9	9	0.713	1	0:00:17.596057
3775	6	6	0.829	1	0:00:17.595770
3780	4	4	0.0542	1	0:00:17.588816
3785	6	6	0.0959	1	0:00:17.577773
3790	4	4	0.0767	1	0:00:17.576194
3795	7	7	0.443	1	0:00:17.574814
3800	9	9	0.591	1	0:00:17.591448
3805	9	9	0.881	1	0:00:17.583630
3810	3	9	0.0104	0	0:00:17.584144
3815	2	-1	0.0	0	0:00:17.595614
3820	0	0	0.273	1	0:00:17.597320
3825	0	0	0.692	1	0:00:17.575337
3830	5	5	0.321	1	0:00:17.586462
3835	3	5	0.302	0	0:00:17.569194
3840	6	6	0.0154	1	0:00:17.584766
3845	0	0	0.72	1	0:00:17.597112
3850	9	9	0.293	1	0:00:17.582923
3855	1	1	0.953	1	0:00:17.569313
3860	7	7	0.953	1	0:00:17.595337
3865	7	7	0.776	1	0:00:17.593959
3870	8	8	0.324	1	0:00:17.588330
3875	2	2	0.499	1	0:00:17.586543
3880	6	6	0.442	1	0:00:17.588899
3885	6	6	0.0263	1	0:00:17.596454
3890	7	7	0.331	1	0:00:17.576536
3895	1	1	0.678	1	0:00:17.588749
3900	3	3	0.575	1	0:00:17.596810
3905	2	2	0.526	1	0:00:17.586820
3910	4	2	0.0783	0	0:00:17.574859
3915	4	4	0.202	1	0:00:17.595376
3920	7	9	0.0924	0	0:00:17.586013
3925	1	1	0.653	1	0:00:17.604394
3930	1	1	0.624	1	0:00:17.594121
3935	4	7	0.109	0	0:00:17.588169
3940	6	6	0.087	1	0:00:17.579482
3945	5	5	0.129	1	0:00:17.580381
3950	8	8	0.334	1	0:00:17.571563
3955	0	0	0.743	1	0:00:17.594374
3960	2	2	0.953	1	0:00:17.556704
3965	0	0	0.57	1	0:00:17.580140
3970	9	9	0.00415	1	0:00:17.596409
3975	7	7	0.953	1	0:00:17.594817
3980	9	9	0.111	1	0:00:17.572161
3985	7	7	0.531	1	0:00:17.574288
3990	4	2	0.0375	0	0:00:17.551602
3995	7	-1	0.0	0	0:00:17.577977
4000	8	-1	0.0	0	0:00:17.577744
4005	5	-1	0.0	0	0:00:17.578061
4010	7	7	0.289	1	0:00:17.575431
4015	1	1	0.886	1	0:00:17.558314
4020	8	8	0.466	1	0:00:17.577151
4025	1	1	0.608	1	0:00:17.569839
4030	1	1	0.953	1	0:00:17.584386
4035	2	2	0.667	1	0:00:17.586148
4040	0	0	0.678	1	0:00:17.569653
4045	7	7	0.639	1	0:00:17.574636
4050	3	2	0.00722	0	0:00:17.595582
4055	1	1	0.0544	1	0:00:17.570755
4060	6	6	0.764	1	0:00:17.579815
4065	4	4	0.0807	1	0:00:17.568182
4070	9	9	0.953	1	0:00:17.577481
4075	2	2	0.528	1	0:00:17.579342
4080	1	1	0.922	1	0:00:17.577706
4085	8	8	0.0496	1	0:00:17.578054
4090	4	-1	0.0	0	0:00:17.579076
4095	8	8	0.787	1	0:00:17.585894
4100	7	7	0.953	1	0:00:17.578623
4105	7	7	0.837	1	0:00:17.575702
4110	2	2	0.448	1	0:00:17.594171
4115	8	9	0.421	0	0:00:17.584663
4120	4	4	0.953	1	0:00:17.576777
4125	8	0	0.0606	0	0:00:17.593677
4130	6	6	0.862	1	0:00:17.569569
4135	1	-1	0.0	0	0:00:17.574554
4140	5	-1	0.0	0	0:00:17.588997
4145	8	8	0.898	1	0:00:17.575039
4150	6	6	0.501	1	0:00:17.587757
4155	3	3	0.551	1	0:00:17.593524
4160	5	5	0.132	1	0:00:17.587496
4165	8	9	0.000795	0	0:00:17.591799
4170	1	1	0.00561	1	0:00:17.588166
4175	3	-1	0.0	0	0:00:17.591311
4180	0	0	0.188	1	0:00:17.588905
4185	7	7	0.953	1	0:00:17.580511
4190	3	7	0.0162	0	0:00:17.593824
4195	3	3	0.852	1	0:00:17.578051
4200	4	2	0.0678	0	0:00:17.824717
4205	4	7	0.454	0	0:00:18.962456
4210	3	3	0.257	1	0:00:17.578309
4215	1	1	0.664	1	0:00:17.594038
4220	4	0	0.207	0	0:00:17.581595
4225	5	5	0.37	1	0:00:17.597235
4230	6	6	0.0603	1	0:00:17.598069
4235	9	9	0.953	1	0:00:17.586363
4240	7	7	0.0154	1	0:00:17.590843
4245	1	1	0.581	1	0:00:17.572485
4250	1	1	0.181	1	0:00:17.589300
4255	9	9	0.681	1	0:00:17.593251
4260	8	8	0.705	1	0:00:17.591488
4265	6	6	0.522	1	0:00:18.413429
4270	0	0	0.736	1	0:00:18.248775
4275	5	-1	0.0	0	0:00:17.586680
4280	8	8	0.0781	1	0:00:17.596980
4285	1	-1	0.0	0	0:00:17.592062
4290	2	2	0.271	1	0:00:17.597257
4295	0	0	0.922	1	0:00:17.586687
4300	8	8	0.72	1	0:00:17.600685
4305	0	0	0.869	1	0:00:17.582914
4310	4	7	0.253	0	0:00:18.802096
4315	6	-1	0.0	0	0:00:17.891880
4320	1	0	0.159	0	0:00:17.576612
4325	6	6	0.619	1	0:00:17.595637
4330	9	9	0.953	1	0:00:17.593621
4335	9	9	0.616	1	0:00:17.597889
4340	0	0	0.847	1	0:00:17.577320
4345	6	6	0.0742	1	0:00:18.907403
4350	4	4	0.539	1	0:00:17.861167
4355	0	3	0.307	0	0:00:17.591978
4360	6	6	0.628	1	0:00:18.922716
4365	9	9	0.424	1	0:00:17.847284
4370	8	8	0.953	1	0:00:17.593718
4375	3	3	0.136	1	0:00:17.589840
4380	9	9	0.615	1	0:00:17.595393
4385	8	8	0.309	1	0:00:17.596867
4390	5	5	0.763	1	0:00:17.589287
4395	7	7	0.953	1	0:00:22.455850
4400	3	-1	0.0	0	0:00:36.400656
4405	6	6	0.684	1	0:00:17.550710
4410	9	9	0.122	1	0:00:17.605828
4415	0	0	0.953	1	0:00:17.594389
4420	5	5	0.231	1	0:00:17.880422
4425	1	1	0.602	1	0:00:28.500332
4430	1	1	0.935	1	0:00:30.062289
4435	3	3	0.223	1	0:00:17.585735
4440	2	2	0.141	1	0:00:17.605527
4445	9	9	0.0408	1	0:00:17.597792
4450	0	0	0.499	1	0:00:17.591138
4455	8	8	0.953	1	0:00:17.584259
4460	9	9	0.366	1	0:00:17.593898
4465	6	6	0.318	1	0:00:17.588158
4470	0	0	0.606	1	0:00:18.486589
4475	1	1	0.953	1	0:00:33.721536
4480	9	9	0.898	1	0:00:24.156959
4485	3	7	0.325	0	0:00:17.580827
4490	0	0	0.48	1	0:00:17.830842
4495	3	3	0.0587	1	0:00:27.573398
4500	3	5	0.0956	0	0:00:31.006432
4505	4	4	0.692	1	0:00:17.584431
4510	0	0	0.645	1	0:00:17.599669
4515	0	0	0.953	1	0:00:17.604472
4520	3	5	0.0342	0	0:00:17.609111
4525	0	0	0.741	1	0:00:17.584998
4530	5	3	0.136	0	0:00:17.606579
4535	2	2	0.477	1	0:00:17.601312
4540	9	9	0.737	1	0:00:17.593515
4545	3	3	0.652	1	0:00:17.596289
4550	9	2	0.0635	0	0:00:17.563641
4555	5	7	0.0998	0	0:00:17.587831
4560	1	1	0.922	1	0:00:17.578697
4565	2	4	0.188	0	0:00:17.597607
4570	9	9	0.229	1	0:00:17.608818
4575	6	6	0.276	1	0:00:17.599597
4580	6	6	0.126	1	0:00:17.590846
4585	8	0	0.19	0	0:00:17.597023
4590	9	2	0.285	0	0:00:17.597776
4595	9	9	0.516	1	0:00:24.698408
4600	4	-1	0.0	0	0:00:34.075607
4605	3	3	0.441	1	0:00:17.561722
4610	6	4	0.00739	0	0:00:17.588872
4615	5	4	0.17	0	0:00:22.232863
4620	7	7	0.32	1	0:00:38.369662
4625	4	4	0.252	1	0:00:38.469569
4630	2	3	0.0349	0	0:00:26.597922
4635	7	7	0.606	1	0:00:26.574456
4640	2	2	0.249	1	0:00:38.459161
4645	4	4	0.318	1	0:00:38.474528
4650	6	6	0.526	1	0:00:38.475866
4655	7	5	0.0333	0	0:00:38.523645
4660	7	-1	0.0	0	0:00:38.546649
4665	3	3	0.0225	1	0:00:38.560672
4670	8	8	0.74	1	0:00:38.457485
4675	4	4	0.682	1	0:00:38.562499
4680	9	9	0.146	1	0:00:38.509881
4685	4	4	0.148	1	0:00:38.467588
4690	2	-1	0.0	0	0:00:38.442486
4695	8	9	0.251	0	0:00:38.423489
4700	6	-1	0.0	0	0:00:38.484040
4705	3	-1	0.0	0	0:00:38.499813
4710	3	3	0.141	1	0:00:38.450829
4715	9	9	0.16	1	0:00:38.455874
4720	8	8	0.32	1	0:00:38.409119
4725	9	9	0.0192	1	0:00:38.503823
4730	2	2	0.25	1	0:00:38.410279
4735	8	8	0.279	1	0:00:38.466453
4740	5	3	0.386	0	0:00:38.463803
4745	7	9	0.162	0	0:00:38.535145
4750	7	7	0.0218	1	0:00:38.461896
4755	1	1	0.774	1	0:00:38.464528
4760	3	2	0.486	0	0:00:38.473880
4765	3	3	0.212	1	0:00:38.478008
4770	9	9	0.616	1	0:00:38.568471
4775	2	2	0.0132	1	0:00:38.532191
4780	0	0	0.212	1	0:00:38.549801
4785	3	3	0.457	1	0:00:38.567549
4790	1	1	0.261	1	0:00:38.531579
4795	5	3	0.603	0	0:00:38.555920
4800	9	9	0.953	1	0:00:38.560957
4805	5	3	0.388	0	0:00:38.536508
4810	5	5	0.892	1	0:00:38.402723
4815	9	9	0.0707	1	0:00:17.560667
4820	3	3	0.51	1	0:00:17.626588
4825	7	5	0.0313	0	0:00:17.631232
4830	3	5	0.0838	0	0:00:17.632428
4835	9	9	0.953	1	0:00:17.622431
4840	0	0	0.953	1	0:00:17.609545
4845	3	3	0.541	1	0:00:17.613147
4850	1	9	0.0298	0	0:00:17.587253
4855	1	1	0.343	1	0:00:17.607584
4860	5	5	0.935	1	0:00:17.617973
4865	8	9	0.638	0	0:00:17.593783
4870	8	8	0.543	1	0:00:17.596947
4875	1	1	0.772	1	0:00:17.593397
4880	0	0	0.0557	1	0:00:17.597194
4885	2	2	0.334	1	0:00:17.599433
4890	1	1	0.852	1	0:00:17.594981
4895	1	1	0.744	1	0:00:17.600977
4900	3	3	0.301	1	0:00:17.593476
4905	7	7	0.953	1	0:00:17.571890
4910	8	8	0.551	1	0:00:17.588776
4915	5	5	0.755	1	0:00:17.571591
4920	7	7	0.953	1	0:00:17.582618
4925	5	5	0.1	1	0:00:17.571253
4930	1	1	0.341	1	0:00:17.576119
4935	5	5	0.622	1	0:00:17.593058
4940	6	6	0.354	1	0:00:17.576075
4945	9	1	0.0204	0	0:00:17.585505
4950	2	2	0.837	1	0:00:17.588645
4955	2	0	0.0367	0	0:00:17.584155
4960	4	4	0.182	1	0:00:17.579304
4965	3	6	0.134	0	0:00:17.593797
4970	2	-1	0.0	0	0:00:17.581948
4975	3	5	0.114	0	0:00:17.574637
4980	1	9	0.208	0	0:00:17.556496
4985	4	4	0.296	1	0:00:17.571539
4990	7	7	0.237	1	0:00:17.578154
4995	2	3	0.0789	0	0:00:17.570448
5000	7	7	0.953	1	0:00:17.593896
5005	5	-1	0.0	0	0:00:17.586820
5010	7	7	0.935	1	0:00:17.597462
5015	2	2	0.495	1	0:00:17.588965
5020	8	8	0.542	1	0:00:17.581958
5025	5	5	0.468	1	0:00:17.589687
5030	4	4	0.604	1	0:00:17.588387
5035	5	5	0.905	1	0:00:17.586195
5040	3	3	0.219	1	0:00:17.581373
5045	7	7	0.656	1	0:00:17.591896
5050	3	-1	0.0	0	0:00:17.590887
5055	0	0	0.953	1	0:00:17.588611
5060	6	6	0.337	1	0:00:17.568539
5065	0	0	0.581	1	0:00:17.589878
5070	7	7	0.167	1	0:00:17.589244
5075	6	-1	0.0	0	0:00:17.591085
5080	7	7	0.835	1	0:00:17.582402
5085	2	6	0.307	0	0:00:17.597474
5090	1	1	0.197	1	0:00:17.583807
5095	8	8	0.423	1	0:00:17.578547
5100	3	3	0.709	1	0:00:17.596452
5105	7	7	0.682	1	0:00:17.601182
5110	8	8	0.0898	1	0:00:17.580429
5115	5	2	0.0529	0	0:00:17.571941
5120	9	9	0.548	1	0:00:17.584386
5125	1	-1	0.0	0	0:00:17.582604
5130	5	-1	0.0	0	0:00:17.585401
5135	1	1	0.935	1	0:00:17.597971
5140	8	8	0.7	1	0:00:17.590111
5145	4	4	0.171	1	0:00:17.595174
5150	4	4	0.422	1	0:00:17.595064
5155	3	3	0.0883	1	0:00:17.591744
5160	0	0	0.488	1	0:00:17.576240
5165	2	2	0.586	1	0:00:17.597235
5170	9	9	0.708	1	0:00:17.593901
5175	6	6	0.722	1	0:00:17.581120
5180	9	-1	0.0	0	0:00:17.592321
5185	3	3	0.0664	1	0:00:17.603489
5190	0	0	0.508	1	0:00:17.587911
5195	4	7	0.404	0	0:00:17.590928
5200	3	3	0.382	1	0:00:17.586144
5205	8	0	0.898	0	0:00:17.590905
5210	5	5	0.477	1	0:00:17.589558
5215	2	2	0.564	1	0:00:17.560300
5220	0	0	0.611	1	0:00:17.579136
5225	0	0	0.731	1	0:00:17.587548
5230	8	0	0.0301	0	0:00:17.586309
5235	1	3	0.0941	0	0:00:17.586078
5240	1	1	0.132	1	0:00:17.572649
5245	1	1	0.935	1	0:00:17.586627
5250	7	7	0.12	1	0:00:17.570230
5255	0	0	0.953	1	0:00:17.567415
5260	0	0	0.953	1	0:00:17.578126
5265	2	3	0.0152	0	0:00:17.568848
5270	1	1	0.753	1	0:00:17.562783
5275	2	2	0.38	1	0:00:17.582577
5280	0	4	0.596	0	0:00:17.578950
5285	1	1	0.558	1	0:00:17.560303
5290	3	5	0.414	0	0:00:17.561688
5295	0	0	0.178	1	0:00:17.569580
5300	9	9	0.26	1	0:00:17.575749
5305	7	-1	0.0	0	0:00:17.578773
5310	0	0	0.574	1	0:00:17.579613
5315	9	9	0.935	1	0:00:17.571834
5320	7	7	0.171	1	0:00:17.585045
5325	8	8	0.384	1	0:00:17.562917
5330	7	-1	0.0	0	0:00:17.577160
5335	9	1	0.0396	0	0:00:17.578926
5340	3	4	0.523	0	0:00:17.580317
5345	4	4	0.226	1	0:00:17.590312
5350	9	1	0.0944	0	0:00:17.581814
5355	8	8	0.807	1	0:00:17.589082
5360	9	9	0.406	1	0:00:17.593927
5365	8	8	0.212	1	0:00:17.585319
5370	6	6	0.442	1	0:00:17.576875
5375	1	1	0.523	1	0:00:17.587436
5380	1	-1	0.0	0	0:00:17.597145
5385	2	3	0.324	0	0:00:17.590995
5390	1	1	0.953	1	0:00:17.594767
5395	0	0	0.66	1	0:00:17.569212
5400	9	9	0.497	1	0:00:17.589168
5405	2	0	0.935	0	0:00:17.569367
5410	3	7	0.808	0	0:00:17.584557
5415	4	-1	0.0	0	0:00:17.591193
5420	6	6	0.651	1	0:00:17.590386
5425	6	6	0.253	1	0:00:17.585995
5430	7	7	0.381	1	0:00:17.601298
5435	7	4	0.411	0	0:00:17.586462
5440	9	9	0.935	1	0:00:17.598778
5445	7	7	0.953	1	0:00:17.591790
5450	5	5	0.0676	1	0:00:17.600980
5455	9	1	0.397	0	0:00:17.593472
5460	0	0	0.953	1	0:00:17.577877
5465	7	7	0.245	1	0:00:17.590306
5470	1	1	0.953	1	0:00:17.596715
5475	0	0	0.953	1	0:00:17.572222
5480	1	1	0.761	1	0:00:17.591126
5485	8	8	0.81	1	0:00:17.584701
5490	3	3	0.149	1	0:00:17.571153
5495	4	4	0.562	1	0:00:17.573310
5500	8	8	0.274	1	0:00:17.585858
5505	4	4	0.634	1	0:00:17.579077
5510	4	4	0.38	1	0:00:17.592695
5515	4	4	0.175	1	0:00:17.581816
5520	4	4	0.203	1	0:00:17.576840
5525	3	3	0.332	1	0:00:17.579916
5530	3	3	0.1	1	0:00:17.572676
5535	3	3	0.424	1	0:00:17.591014
5540	5	5	0.259	1	0:00:17.583988
5545	6	6	0.829	1	0:00:17.571838
5550	5	5	0.302	1	0:00:17.576417
5555	4	-1	0.0	0	0:00:17.572569
5560	3	5	0.138	0	0:00:17.567918
5565	3	4	0.188	0	0:00:17.589656
5570	5	5	0.79	1	0:00:17.563322
5575	3	5	0.296	0	0:00:17.567334
5580	5	6	0.0797	0	0:00:17.575508
5585	0	0	0.953	1	0:00:17.573714
5590	4	4	0.127	1	0:00:17.591423
5595	6	6	0.126	1	0:00:17.587426
5600	6	6	0.506	1	0:00:17.581649
5605	3	-1	0.0	0	0:00:17.571826
5610	8	8	0.169	1	0:00:17.587848
5615	5	5	0.442	1	0:00:17.589212
5620	3	5	0.123	0	0:00:17.589334
5625	5	5	0.847	1	0:00:17.609248
5630	3	4	0.0271	0	0:00:17.592604
5635	7	7	0.676	1	0:00:17.585836
5640	2	2	0.0428	1	0:00:17.603841
5645	5	5	0.613	1	0:00:17.593744
5650	5	7	0.0503	0	0:00:17.617302
5655	3	3	0.0489	1	0:00:17.588273
5660	9	9	0.247	1	0:00:17.601185
5665	2	0	0.156	0	0:00:17.602200
5670	4	4	0.346	1	0:00:17.598479
5675	7	7	0.898	1	0:00:17.576049
5680	2	2	0.143	1	0:00:17.605117
5685	1	1	0.953	1	0:00:17.597914
5690	7	4	0.0942	0	0:00:17.576942
5695	7	7	0.935	1	0:00:17.603856
5700	3	5	0.192	0	0:00:17.611716
5705	2	2	0.35	1	0:00:17.582665
5710	6	6	0.282	1	0:00:17.590852
5715	6	6	0.935	1	0:00:17.596373
5720	9	9	0.953	1	0:00:17.589063
5725	5	3	0.0932	0	0:00:17.583033
5730	5	-1	0.0	0	0:00:17.572833
5735	0	0	0.632	1	0:00:17.607092
5740	6	2	0.147	0	0:00:17.595753
5745	5	-1	0.0	0	0:00:17.599630
5750	6	6	0.169	1	0:00:17.591755
5755	4	4	0.0174	1	0:00:17.574158
5760	2	2	0.393	1	0:00:17.580178
5765	9	9	0.744	1	0:00:17.580854
5770	8	8	0.844	1	0:00:17.580225
5775	7	7	0.435	1	0:00:17.574558
5780	7	7	0.953	1	0:00:17.584256
5785	2	2	0.953	1	0:00:17.580251
5790	9	9	0.431	1	0:00:17.569969
5795	7	4	0.236	0	0:00:17.580619
5800	2	2	0.691	1	0:00:17.583154
5805	1	1	0.135	1	0:00:17.574712
5810	5	5	0.842	1	0:00:17.595387
5815	3	3	0.136	1	0:00:17.591658
5820	5	5	0.36	1	0:00:17.585558
5825	3	-1	0.0	0	0:00:17.590813
5830	5	6	0.566	0	0:00:17.581555
5835	3	-1	0.0	0	0:00:17.577610
5840	2	2	0.398	1	0:00:17.577375
5845	5	5	0.953	1	0:00:17.586699
5850	6	2	0.0078	0	0:00:17.569424
5855	7	2	0.213	0	0:00:17.593550
5860	0	0	0.361	1	0:00:17.583566
5865	6	6	0.423	1	0:00:17.562598
5870	7	7	0.476	1	0:00:17.591221
5875	1	1	0.788	1	0:00:17.576458
5880	0	0	0.935	1	0:00:17.592742
5885	4	4	0.711	1	0:00:17.576736
5890	3	-1	0.0	0	0:00:17.585416
5895	6	6	0.935	1	0:00:17.589830
5900	4	4	0.11	1	0:00:17.586100
5905	1	1	0.444	1	0:00:17.588050
5910	2	5	0.224	0	0:00:17.594219
5915	5	3	0.221	0	0:00:17.584756
5920	8	8	0.953	1	0:00:17.571076
5925	3	-1	0.0	0	0:00:17.590718
5930	5	2	0.327	0	0:00:17.594556
5935	6	6	0.827	1	0:00:17.603564
5940	7	-1	0.0	0	0:00:17.598644
5945	9	9	0.524	1	0:00:17.592248
5950	9	9	0.898	1	0:00:17.582696
5955	5	2	0.0626	0	0:00:17.583586
5960	2	-1	0.0	0	0:00:17.588019
5965	7	7	0.953	1	0:00:17.587414
5970	1	1	0.847	1	0:00:17.592123
5975	9	9	0.905	1	0:00:17.598742
5980	9	9	0.953	1	0:00:17.595989
5985	4	4	0.372	1	0:00:17.591596
5990	8	8	0.323	1	0:00:17.598998
5995	0	0	0.241	1	0:00:17.585913
6000	8	8	0.493	1	0:00:17.594095
6005	4	4	0.299	1	0:00:17.595319
6010	1	6	0.0473	0	0:00:17.578186
6015	0	8	0.204	0	0:00:17.588899
6020	6	6	0.233	1	0:00:17.576369
6025	6	6	0.416	1	0:00:17.589459
6030	8	8	0.621	1	0:00:17.601069
6035	5	5	0.468	1	0:00:17.597671
6040	2	-1	0.0	0	0:00:17.583702
6045	8	8	0.953	1	0:00:17.580694
6050	2	-1	0.0	0	0:00:17.587347
6055	0	0	0.296	1	0:00:17.587543
6060	3	3	0.00463	1	0:00:17.596405
6065	5	-1	0.0	0	0:00:17.594703
6070	8	8	0.309	1	0:00:17.592398
6075	3	-1	0.0	0	0:00:17.576561
6080	1	1	0.645	1	0:00:17.598904
6085	2	6	0.163	0	0:00:17.591932
6090	1	1	0.703	1	0:00:17.589903
6095	9	9	0.132	1	0:00:17.583162
6100	1	1	0.728	1	0:00:17.578737
6105	0	0	0.953	1	0:00:17.600213
6110	9	9	0.953	1	0:00:17.596383
6115	8	8	0.71	1	0:00:17.584034
6120	5	5	0.428	1	0:00:17.596661
6125	8	8	0.37	1	0:00:17.588989
6130	1	1	0.352	1	0:00:17.578856
6135	3	3	0.135	1	0:00:17.573125
6140	9	9	0.649	1	0:00:17.591831
6145	2	3	0.472	0	0:00:17.588445
6150	1	1	0.669	1	0:00:17.588137
6155	8	8	0.744	1	0:00:17.570888
6160	2	2	0.25	1	0:00:17.602353
6165	5	3	0.0423	0	0:00:17.599700
6170	2	6	0.0871	0	0:00:17.592890
6175	3	6	0.266	0	0:00:17.588609
6180	0	0	0.668	1	0:00:17.575433
6185	5	5	0.432	1	0:00:17.591618
6190	4	4	0.184	1	0:00:17.589481
6195	1	1	0.586	1	0:00:17.583021
6200	3	-1	0.0	0	0:00:17.592781
6205	1	1	0.847	1	0:00:17.567929
6210	4	4	0.0394	1	0:00:17.570455
6215	2	4	0.163	0	0:00:17.585418
6220	2	5	0.0134	0	0:00:17.565041
6225	3	3	0.546	1	0:00:17.570751
6230	2	2	0.487	1	0:00:17.571094
6235	6	3	0.0157	0	0:00:17.571463
6240	2	0	0.0629	0	0:00:17.598355
6245	6	6	0.627	1	0:00:17.568345
6250	4	3	0.0704	0	0:00:17.578536
6255	6	6	0.462	1	0:00:17.593214
6260	2	2	0.182	1	0:00:17.589281
6265	4	4	0.734	1	0:00:17.582035
6270	2	6	0.184	0	0:00:17.594431
6275	9	-1	0.0	0	0:00:17.592852
6280	8	8	0.247	1	0:00:17.582267
6285	8	0	0.105	0	0:00:17.587344
6290	9	1	0.507	0	0:00:17.591341
6295	8	8	0.298	1	0:00:17.586496
6300	1	1	0.801	1	0:00:17.599777
6305	6	-1	0.0	0	0:00:17.576016
6310	5	5	0.953	1	0:00:17.587273
6315	6	6	0.385	1	0:00:17.581357
6320	0	0	0.61	1	0:00:17.610011
6325	7	7	0.953	1	0:00:17.593874
6330	6	6	0.685	1	0:00:17.571147
6335	2	2	0.64	1	0:00:17.586416
6340	3	3	0.359	1	0:00:17.591871
6345	3	4	0.0136	0	0:00:17.585759
6350	0	0	0.953	1	0:00:17.590592
6355	0	0	0.326	1	0:00:17.582942
6360	2	2	0.0934	1	0:00:17.594141
6365	7	7	0.314	1	0:00:17.583422
6370	6	6	0.0381	1	0:00:17.612440
6375	3	3	0.0695	1	0:00:17.588942
6380	3	3	0.00679	1	0:00:17.593241
6385	5	5	0.311	1	0:00:17.595781
6390	7	7	0.953	1	0:00:17.599864
6395	8	8	0.873	1	0:00:17.598967
6400	0	0	0.0404	1	0:00:17.569030
6405	1	1	0.0494	1	0:00:17.591067
6410	1	1	0.953	1	0:00:17.584274
6415	1	1	0.263	1	0:00:17.599372
6420	7	7	0.805	1	0:00:17.595720
6425	2	2	0.733	1	0:00:17.598796
6430	1	1	0.674	1	0:00:17.603781
6435	9	9	0.905	1	0:00:17.594055
6440	3	-1	0.0	0	0:00:17.588064
6445	1	1	0.905	1	0:00:17.592360
6450	0	0	0.953	1	0:00:17.586360
6455	6	6	0.294	1	0:00:17.586486
6460	3	3	0.538	1	0:00:17.589993
6465	3	3	0.421	1	0:00:17.597134
6470	1	1	0.182	1	0:00:17.587444
6475	2	2	0.102	1	0:00:17.592544
6480	0	0	0.33	1	0:00:17.549287
6485	9	9	0.763	1	0:00:17.586242
6490	8	-1	0.0	0	0:00:17.583620
6495	7	7	0.437	1	0:00:17.577853
6500	7	-1	0.0	0	0:00:17.578140
6505	4	4	0.0944	1	0:00:17.593872
6510	4	5	0.219	0	0:00:17.589376
6515	2	2	0.381	1	0:00:17.590433
6520	6	2	0.258	0	0:00:17.599077
6525	3	3	0.566	1	0:00:17.602115
6530	3	3	0.457	1	0:00:17.589053
6535	5	5	0.228	1	0:00:17.590391
6540	8	8	0.499	1	0:00:17.581722
6545	9	0	0.648	0	0:00:17.574292
6550	1	1	0.782	1	0:00:17.584828
6555	1	1	0.953	1	0:00:17.579897
6560	6	6	0.225	1	0:00:17.589881
6565	9	-1	0.0	0	0:00:17.587390
6570	9	9	0.301	1	0:00:17.589146
6575	3	-1	0.0	0	0:00:17.589334
6580	1	1	0.395	1	0:00:17.593086
6585	1	1	0.953	1	0:00:17.567665
6590	5	7	0.324	0	0:00:17.602019
6595	2	2	0.561	1	0:00:17.587724
6600	7	7	0.953	1	0:00:17.579632
6605	6	2	0.00488	0	0:00:17.594739
6610	8	8	0.573	1	0:00:17.581681
6615	7	7	0.935	1	0:00:17.572300
6620	7	7	0.953	1	0:00:17.580544
6625	4	-1	0.0	0	0:00:17.594803
6630	7	7	0.741	1	0:00:17.595324
6635	6	3	0.207	0	0:00:17.609321
6640	5	3	0.953	0	0:00:17.576890
6645	6	6	0.144	1	0:00:17.585639
6650	0	0	0.431	1	0:00:17.588741
6655	1	1	0.64	1	0:00:17.576382
6660	0	0	0.641	1	0:00:17.593562
6665	4	4	0.0367	1	0:00:17.590961
6670	3	3	0.363	1	0:00:17.597237
6675	2	2	0.873	1	0:00:17.586644
6680	3	5	0.434	0	0:00:17.588453
6685	1	1	0.226	1	0:00:17.601612
6690	5	5	0.449	1	0:00:17.603476
6695	4	4	0.391	1	0:00:17.585910
6700	6	6	0.557	1	0:00:17.595594
6705	3	2	0.00204	0	0:00:17.605481
6710	3	3	0.285	1	0:00:17.595529
6715	2	6	0.0937	0	0:00:17.601245
6720	2	2	0.486	1	0:00:17.588974
6725	8	8	0.953	1	0:00:17.604311
6730	8	8	0.194	1	0:00:17.581181
6735	9	9	0.602	1	0:00:17.589915
6740	2	2	0.16	1	0:00:17.571525
6745	7	7	0.751	1	0:00:17.591211
6750	4	3	0.318	0	0:00:17.589705
6755	9	9	0.176	1	0:00:17.587961
6760	5	5	0.544	1	0:00:17.578655
6765	8	8	0.236	1	0:00:17.578586
6770	1	1	0.953	1	0:00:17.603683
6775	0	0	0.644	1	0:00:17.582390
6780	7	7	0.953	1	0:00:17.599365
6785	6	6	0.365	1	0:00:17.569298
6790	7	7	0.0753	1	0:00:17.564582
6795	9	9	0.487	1	0:00:17.600972
6800	6	-1	0.0	0	0:00:17.582040
6805	1	1	0.798	1	0:00:17.599001
6810	8	8	0.798	1	0:00:17.596112
6815	0	0	0.935	1	0:00:17.590845
6820	1	1	0.953	1	0:00:17.572768
6825	3	3	0.422	1	0:00:17.592963
6830	1	1	0.52	1	0:00:17.581189
6835	5	3	0.102	0	0:00:17.585994
6840	9	9	0.5	1	0:00:17.609511
6845	2	0	0.00795	0	0:00:17.588665
6850	6	6	0.295	1	0:00:17.587203
6855	4	-1	0.0	0	0:00:17.601757
6860	0	0	0.588	1	0:00:17.565668
6865	3	3	0.0712	1	0:00:17.602009
6870	7	7	0.228	1	0:00:17.598522
6875	5	5	0.737	1	0:00:17.577839
6880	2	2	0.346	1	0:00:17.582416
6885	0	0	0.673	1	0:00:17.593235
6890	5	5	0.268	1	0:00:17.580845
6895	2	2	0.535	1	0:00:17.562680
6900	3	3	0.467	1	0:00:17.591457
6905	2	2	0.0745	1	0:00:17.597273
6910	7	7	0.702	1	0:00:17.584887
6915	1	1	0.65	1	0:00:17.582896
6920	5	2	0.00765	0	0:00:17.588721
6925	2	2	0.898	1	0:00:17.597042
6930	2	0	0.953	0	0:00:17.596344
6935	7	-1	0.0	0	0:00:17.604609
6940	1	1	0.953	1	0:00:17.587221
6945	5	3	0.000977	0	0:00:17.612221
6950	8	-1	0.0	0	0:00:17.607231
6955	7	7	0.852	1	0:00:17.605130
6960	9	9	0.212	1	0:00:17.609850
6965	6	5	0.0584	0	0:00:17.605100
6970	0	0	0.387	1	0:00:17.580452
6975	8	1	0.483	0	0:00:17.592617
6980	0	0	0.121	1	0:00:17.597054
6985	0	-1	0.0	0	0:00:17.601389
6990	3	3	0.953	1	0:00:17.600967
6995	1	1	0.344	1	0:00:17.599462
7000	2	0	0.0249	0	0:00:17.606741
7005	1	1	0.134	1	0:00:17.603771
7010	0	0	0.935	1	0:00:17.597122
7015	3	0	0.125	0	0:00:17.594428
7020	7	7	0.953	1	0:00:17.587139
7025	6	6	0.913	1	0:00:17.603336
7030	8	8	0.689	1	0:00:17.595738
7035	1	9	0.538	0	0:00:17.580447
7040	7	8	0.0671	0	0:00:17.596139
7045	3	3	0.135	1	0:00:17.600420
7050	8	8	0.484	1	0:00:17.598601
7055	8	0	0.101	0	0:00:17.604236
7060	8	8	0.625	1	0:00:17.604112
7065	2	2	0.289	1	0:00:17.579995
7070	7	7	0.81	1	0:00:17.601680
7075	9	9	0.694	1	0:00:17.586689
7080	5	-1	0.0	0	0:00:17.578084
7085	5	5	0.196	1	0:00:17.607556
7090	2	3	0.11	0	0:00:17.583697
7095	4	-1	0.0	0	0:00:17.592427
7100	9	8	0.0645	0	0:00:17.586045
7105	3	3	0.729	1	0:00:17.585662
7110	3	3	0.228	1	0:00:17.581116
7115	0	0	0.953	1	0:00:17.569031
7120	7	7	0.0154	1	0:00:17.610295
7125	5	5	0.548	1	0:00:17.594862
7130	6	6	0.753	1	0:00:17.573966
7135	4	4	0.485	1	0:00:17.601765
7140	4	4	0.0688	1	0:00:17.582742
7145	3	3	0.25	1	0:00:17.577097
7150	3	3	0.0617	1	0:00:17.581956
7155	9	9	0.768	1	0:00:17.585129
7160	5	5	0.476	1	0:00:17.585826
7165	0	0	0.873	1	0:00:17.588196
7170	9	9	0.456	1	0:00:17.569120
7175	7	7	0.571	1	0:00:17.591977
7180	6	6	0.76	1	0:00:17.606937
7185	8	8	0.302	1	0:00:17.586774
7190	2	2	0.574	1	0:00:17.578870
7195	7	2	0.0333	0	0:00:17.589498
7200	4	4	0.178	1	0:00:17.599140
7205	6	6	0.12	1	0:00:17.584975
7210	3	6	0.0562	0	0:00:17.596600
7215	1	1	0.953	1	0:00:17.582600
7220	9	9	0.346	1	0:00:17.592184
7225	1	1	0.953	1	0:00:17.585001
7230	2	2	0.701	1	0:00:17.588817
7235	2	2	0.13	1	0:00:17.601412
7240	0	0	0.395	1	0:00:17.587320
7245	4	4	0.465	1	0:00:17.594784
7250	8	8	0.417	1	0:00:17.575056
7255	3	6	0.139	0	0:00:17.589679
7260	1	1	0.953	1	0:00:17.586295
7265	5	-1	0.0	0	0:00:17.600884
7270	9	9	0.116	1	0:00:17.577087
7275	3	-1	0.0	0	0:00:17.573931
7280	1	9	0.326	0	0:00:17.590042
7285	1	1	0.186	1	0:00:17.601192
7290	6	5	0.113	0	0:00:17.603396
7295	5	5	0.922	1	0:00:17.604308
7300	3	5	0.369	0	0:00:17.601034
7305	6	6	0.374	1	0:00:17.618659
7310	3	5	0.0194	0	0:00:17.596809
7315	0	0	0.0432	1	0:00:17.596946
7320	8	0	0.0773	0	0:00:17.594065
7325	4	4	0.793	1	0:00:17.608531
7330	5	5	0.0224	1	0:00:17.593112
7335	4	4	0.935	1	0:00:17.594002
7340	2	2	0.204	1	0:00:17.589367
7345	6	6	0.818	1	0:00:17.596245
7350	9	9	0.0601	1	0:00:17.581586
7355	7	7	0.953	1	0:00:17.589527
7360	2	5	0.118	0	0:00:17.606607
7365	4	4	0.272	1	0:00:17.605415
7370	3	-1	0.0	0	0:00:17.600163
7375	2	4	0.116	0	0:00:17.591315
7380	7	7	0.736	1	0:00:17.594328
7385	9	9	0.852	1	0:00:17.586675
7390	6	9	0.0994	0	0:00:17.589002
7395	2	-1	0.0	0	0:00:17.598036
7400	3	3	0.33	1	0:00:17.612497
7405	7	7	0.953	1	0:00:17.590780
7410	4	6	0.0481	0	0:00:17.597188
7415	3	3	0.415	1	0:00:17.585791
7420	3	4	0.00161	0	0:00:17.590594
7425	2	2	0.109	1	0:00:17.581218
7430	2	6	0.0343	0	0:00:17.592730
7435	7	7	0.242	1	0:00:17.605708
7440	3	3	0.584	1	0:00:17.588485
7445	6	6	0.367	1	0:00:17.592257
7450	1	1	0.953	1	0:00:17.583183
7455	1	9	0.371	0	0:00:17.588824
7460	5	5	0.953	1	0:00:17.586310
7465	0	0	0.275	1	0:00:17.586012
7470	9	9	0.114	1	0:00:17.579339
7475	3	3	0.365	1	0:00:17.581542
7480	1	8	0.0489	0	0:00:17.593750
7485	8	8	0.695	1	0:00:17.566929
7490	4	4	0.419	1	0:00:17.593733
7495	7	7	0.713	1	0:00:17.601321
7500	6	6	0.953	1	0:00:17.591307
7505	7	7	0.833	1	0:00:17.579737
7510	8	8	0.655	1	0:00:17.582274
7515	8	8	0.418	1	0:00:17.606145
7520	4	4	0.272	1	0:00:17.586160
7525	8	8	0.73	1	0:00:17.596507
7530	2	2	0.0428	1	0:00:17.583945
7535	1	1	0.685	1	0:00:17.597690
7540	5	5	0.953	1	0:00:17.599002
7545	5	3	0.146	0	0:00:17.603125
7550	4	4	0.578	1	0:00:17.587849
7555	1	1	0.953	1	0:00:17.611462
7560	0	0	0.62	1	0:00:17.594583
7565	1	1	0.953	1	0:00:17.599105
7570	1	1	0.953	1	0:00:17.584184
7575	8	8	0.464	1	0:00:17.583749
7580	8	8	0.609	1	0:00:17.576232
7585	6	6	0.953	1	0:00:17.589391
7590	2	4	0.335	0	0:00:17.589418
7595	1	1	0.296	1	0:00:17.588544
7600	8	0	0.0958	0	0:00:17.604303
7605	2	4	0.0385	0	0:00:17.588574
7610	7	7	0.481	1	0:00:17.588341
7615	5	5	0.117	1	0:00:17.590897
7620	5	-1	0.0	0	0:00:17.585763
7625	7	7	0.689	1	0:00:17.605323
7630	9	9	0.922	1	0:00:17.592243
7635	9	9	0.473	1	0:00:17.581529
7640	9	9	0.256	1	0:00:17.573601
7645	0	0	0.51	1	0:00:17.584944
7650	2	2	0.407	1	0:00:17.591451
7655	8	8	0.328	1	0:00:17.588131
7660	7	7	0.461	1	0:00:17.594450
7665	9	9	0.406	1	0:00:17.599902
7670	2	2	0.25	1	0:00:17.593857
7675	8	-1	0.0	0	0:00:17.600864
7680	3	5	0.264	0	0:00:17.600472
7685	9	1	0.213	0	0:00:17.578334
7690	6	6	0.77	1	0:00:17.589328
7695	8	8	0.311	1	0:00:17.596537
7700	6	6	0.886	1	0:00:17.581580
7705	7	4	0.273	0	0:00:17.586810
7710	9	9	0.756	1	0:00:17.589839
7715	1	1	0.953	1	0:00:17.583652
7720	5	5	0.0135	1	0:00:17.591426
7725	4	4	0.501	1	0:00:17.589447
7730	4	-1	0.0	0	0:00:17.583944
7735	4	3	0.0204	0	0:00:17.595971
7740	4	4	0.144	1	0:00:17.587724
7745	7	7	0.886	1	0:00:17.590729
7750	3	4	0.313	0	0:00:17.587799
7755	7	7	0.953	1	0:00:17.591418
7760	2	0	0.273	0	0:00:17.587781
7765	8	8	0.793	1	0:00:17.593222
7770	9	9	0.829	1	0:00:17.587161
7775	2	2	0.439	1	0:00:17.594952
7780	3	8	0.14	0	0:00:17.594322
7785	4	-1	0.0	0	0:00:17.581167
7790	8	0	0.167	0	0:00:17.598679
7795	5	-1	0.0	0	0:00:17.605690
7800	0	0	0.842	1	0:00:17.585599
7805	9	9	0.125	1	0:00:17.578664
7810	6	6	0.774	1	0:00:17.590269
7815	0	1	0.0544	0	0:00:17.595964
7820	5	5	0.12	1	0:00:17.609024
7825	3	3	0.858	1	0:00:17.602365
7830	2	-1	0.0	0	0:00:17.597715
7835	0	0	0.953	1	0:00:17.598527
7840	1	1	0.935	1	0:00:17.590925
7845	2	2	0.873	1	0:00:17.589949
7850	0	0	0.684	1	0:00:17.586324
7855	2	2	0.232	1	0:00:17.597629
7860	8	8	0.476	1	0:00:17.574624
7865	3	-1	0.0	0	0:00:17.586884
7870	6	6	0.418	1	0:00:17.594079
7875	2	2	0.149	1	0:00:17.576369
7880	0	0	0.0778	1	0:00:17.600092
7885	3	3	0.22	1	0:00:17.581320
7890	6	6	0.589	1	0:00:17.579530
7895	4	6	0.0993	0	0:00:17.593608
7900	0	-1	0.0	0	0:00:17.585280
7905	3	3	0.448	1	0:00:17.597660
7910	3	3	0.12	1	0:00:17.595115
7915	3	3	0.28	1	0:00:17.581252
7920	9	9	0.454	1	0:00:17.585080
7925	0	0	0.892	1	0:00:17.600537
7930	2	0	0.256	0	0:00:17.594636
7935	7	7	0.105	1	0:00:17.597719
7940	2	2	0.0421	1	0:00:17.591711
7945	6	6	0.317	1	0:00:17.586648
7950	9	9	0.898	1	0:00:17.578255
7955	9	9	0.873	1	0:00:17.577711
7960	0	0	0.304	1	0:00:17.589537
7965	7	7	0.892	1	0:00:17.598388
7970	3	3	0.104	1	0:00:17.591300
7975	2	4	0.02	0	0:00:17.612299
7980	3	3	0.431	1	0:00:17.585379
7985	5	5	0.2	1	0:00:17.597347
7990	0	-1	0.0	0	0:00:17.580159
7995	8	8	0.511	1	0:00:17.590463
8000	9	9	0.622	1	0:00:17.604148
8005	1	1	0.953	1	0:00:17.592263
8010	2	5	0.0227	0	0:00:17.576620
8015	8	-1	0.0	0	0:00:17.588517
8020	6	3	0.249	0	0:00:17.590769
8025	5	5	0.614	1	0:00:17.599689
8030	2	2	0.222	1	0:00:17.590949
8035	1	1	0.749	1	0:00:17.594814
8040	2	2	0.714	1	0:00:17.594409
8045	5	5	0.5	1	0:00:17.592953
8050	7	7	0.739	1	0:00:17.599538
8055	2	2	0.476	1	0:00:17.569418
8060	6	6	0.821	1	0:00:17.588588
8065	9	9	0.632	1	0:00:17.588177
8070	5	5	0.898	1	0:00:17.584190
8075	8	8	0.573	1	0:00:17.591413
8080	4	4	0.125	1	0:00:17.587066
8085	2	2	0.228	1	0:00:17.582359
8090	6	-1	0.0	0	0:00:17.599468
8095	2	2	0.0336	1	0:00:17.585486
8100	6	6	0.317	1	0:00:17.612263
8105	0	0	0.336	1	0:00:17.598897
8110	5	6	0.417	0	0:00:17.586675
8115	5	-1	0.0	0	0:00:17.575340
8120	8	9	0.332	0	0:00:17.582300
8125	8	8	0.56	1	0:00:17.574816
8130	6	6	0.425	1	0:00:17.579585
8135	7	3	0.17	0	0:00:17.582153
8140	5	-1	0.0	0	0:00:17.592640
8145	9	9	0.208	1	0:00:17.604512
8150	6	6	0.953	1	0:00:17.578938
8155	1	1	0.953	1	0:00:17.598056
8160	6	6	0.953	1	0:00:17.605745
8165	1	1	0.425	1	0:00:17.585473
8170	5	5	0.707	1	0:00:17.583876
8175	3	3	0.0417	1	0:00:17.602165
8180	4	4	0.316	1	0:00:17.590474
8185	0	0	0.329	1	0:00:17.571582
8190	4	6	0.213	0	0:00:17.600650
8195	8	8	0.684	1	0:00:17.586987
8200	3	-1	0.0	0	0:00:17.600204
8205	2	2	0.552	1	0:00:17.591609
8210	0	0	0.953	1	0:00:17.592669
8215	1	1	0.638	1	0:00:17.605734
8220	6	7	0.124	0	0:00:17.606740
8225	9	9	0.443	1	0:00:17.575303
8230	0	0	0.76	1	0:00:17.606558
8235	7	7	0.953	1	0:00:17.592305
8240	7	7	0.672	1	0:00:17.591883
8245	3	5	0.177	0	0:00:17.603519
8250	6	6	0.753	1	0:00:17.607332
8255	9	9	0.698	1	0:00:17.597850
8260	1	1	0.953	1	0:00:17.589585
8265	0	0	0.922	1	0:00:17.581691
8270	6	6	0.498	1	0:00:17.591355
8275	3	-1	0.0	0	0:00:17.601587
8280	4	4	0.0975	1	0:00:17.590105
8285	9	9	0.688	1	0:00:17.592523
8290	8	8	0.0623	1	0:00:17.607130
8295	3	-1	0.0	0	0:00:17.580082
8300	5	-1	0.0	0	0:00:17.590956
8305	4	6	0.199	0	0:00:17.598340
8310	3	3	0.688	1	0:00:17.589659
8315	6	6	0.372	1	0:00:17.575860
8320	7	7	0.126	1	0:00:17.603548
8325	8	-1	0.0	0	0:00:17.598400
8330	5	5	0.922	1	0:00:17.598890
8335	7	3	0.496	0	0:00:17.591674
8340	5	3	0.0753	0	0:00:17.605138
8345	9	9	0.102	1	0:00:17.611662
8350	9	-1	0.0	0	0:00:17.591274
8355	9	9	0.953	1	0:00:17.592749
8360	7	7	0.953	1	0:00:17.604819
8365	6	6	0.953	1	0:00:17.587390
8370	4	-1	0.0	0	0:00:17.588347
8375	4	4	0.265	1	0:00:17.590436
8380	9	9	0.719	1	0:00:17.578325
8385	9	1	0.234	0	0:00:17.568362
8390	1	1	0.953	1	0:00:17.574059
8395	1	1	0.696	1	0:00:17.593685
8400	0	0	0.353	1	0:00:17.594407
8405	0	-1	0.0	0	0:00:17.603115
8410	5	5	0.0162	1	0:00:17.603916
8415	0	0	0.799	1	0:00:17.577898
8420	3	6	0.244	0	0:00:17.594090
8425	6	2	0.365	0	0:00:17.586137
8430	9	9	0.953	1	0:00:17.564191
8435	3	3	0.345	1	0:00:17.579281
8440	5	5	0.496	1	0:00:17.568668
8445	1	1	0.466	1	0:00:17.573532
8450	9	-1	0.0	0	0:00:17.583653
8455	1	1	0.953	1	0:00:17.593335
8460	8	8	0.616	1	0:00:17.585521
8465	9	1	0.0148	0	0:00:17.585603
8470	8	8	0.873	1	0:00:17.588377
8475	9	9	0.304	1	0:00:17.580475
8480	2	2	0.337	1	0:00:17.600075
8485	0	0	0.662	1	0:00:17.559701
8490	3	5	0.282	0	0:00:17.579185
8495	1	1	0.852	1	0:00:17.576899
8500	4	4	0.534	1	0:00:17.583004
8505	5	5	0.442	1	0:00:17.596306
8510	7	7	0.953	1	0:00:17.585153
8515	8	8	0.922	1	0:00:17.594925
8520	8	8	0.128	1	0:00:17.578774
8525	3	3	0.0659	1	0:00:17.574795
8530	8	8	0.493	1	0:00:17.602012
8535	7	5	0.221	0	0:00:17.599400
8540	4	4	0.0263	1	0:00:17.608771
8545	6	6	0.348	1	0:00:17.573892
8550	1	1	0.813	1	0:00:17.591196
8555	5	5	0.18	1	0:00:17.611095
8560	7	7	0.953	1	0:00:17.602764
8565	7	7	0.743	1	0:00:17.584998
8570	6	6	0.529	1	0:00:17.594720
8575	9	9	0.658	1	0:00:17.607010
8580	3	5	0.512	0	0:00:17.586680
8585	9	9	0.255	1	0:00:17.591360
8590	0	0	0.483	1	0:00:17.603709
8595	1	1	0.734	1	0:00:17.602637
8600	3	3	0.028	1	0:00:17.613106
8605	6	6	0.414	1	0:00:17.593950
8610	2	2	0.489	1	0:00:17.603787
8615	9	9	0.713	1	0:00:17.604087
8620	3	3	0.176	1	0:00:17.604485
8625	5	5	0.63	1	0:00:17.584619
8630	5	5	0.494	1	0:00:17.576946
8635	6	6	0.548	1	0:00:17.596269
8640	1	1	0.692	1	0:00:17.602506
8645	1	1	0.935	1	0:00:17.585979
8650	2	2	0.157	1	0:00:17.581106
8655	8	8	0.833	1	0:00:17.586339
8660	7	7	0.107	1	0:00:17.580182
8665	3	3	0.484	1	0:00:17.586128
8670	9	6	0.0888	0	0:00:17.567350
8675	7	7	0.597	1	0:00:17.578956
8680	3	-1	0.0	0	0:00:17.582979
8685	7	7	0.503	1	0:00:17.584985
8690	8	8	0.0858	1	0:00:17.608580
8695	4	4	0.356	1	0:00:17.585227
8700	3	3	0.124	1	0:00:17.594069
8705	6	6	0.194	1	0:00:17.604578
8710	7	7	0.163	1	0:00:17.585064
8715	2	2	0.461	1	0:00:17.598426
8720	2	0	0.922	0	0:00:17.603436
8725	8	8	0.842	1	0:00:17.587359
8730	2	-1	0.0	0	0:00:17.590541
8735	3	3	0.0918	1	0:00:17.590367
8740	2	2	0.19	1	0:00:17.601835
8745	5	5	0.546	1	0:00:17.600954
8750	9	9	0.953	1	0:00:17.599669
8755	6	6	0.77	1	0:00:17.606847
8760	8	8	0.953	1	0:00:17.595447
8765	2	2	0.386	1	0:00:17.603601
8770	6	-1	0.0	0	0:00:17.586587
8775	1	2	0.175	0	0:00:17.595645
8780	4	4	0.348	1	0:00:17.585480
8785	8	8	0.527	1	0:00:17.576825
8790	0	5	0.0493	0	0:00:17.586151
8795	0	0	0.953	1	0:00:17.563979
8800	0	0	0.869	1	0:00:17.542201
8805	9	9	0.788	1	0:00:17.541762
8810	2	3	0.335	0	0:00:17.526226
8815	3	-1	0.0	0	0:00:17.522177
8820	2	2	0.953	1	0:00:17.507860
8825	0	8	0.182	0	0:00:17.507095
8830	9	9	0.953	1	0:00:17.499418
8835	7	7	0.561	1	0:00:17.489521
8840	2	-1	0.0	0	0:00:17.500427
8845	2	2	0.886	1	0:00:17.477244
8850	1	1	0.669	1	0:00:17.480592
8855	4	5	0.0324	0	0:00:17.490856
8860	2	2	0.81	1	0:00:17.508847
8865	7	7	0.687	1	0:00:17.493926
8870	5	5	0.76	1	0:00:17.501293
8875	8	8	0.161	1	0:00:17.498388
8880	1	1	0.799	1	0:00:17.495955
8885	3	3	0.798	1	0:00:17.492549
8890	8	8	0.559	1	0:00:17.499841
8895	0	0	0.619	1	0:00:17.490562
8900	2	2	0.208	1	0:00:17.499981
8905	8	8	0.262	1	0:00:17.495616
8910	1	1	0.358	1	0:00:17.489956
8915	9	9	0.788	1	0:00:17.489698
8920	6	6	0.499	1	0:00:17.481603
8925	0	0	0.557	1	0:00:17.499777
8930	3	3	0.165	1	0:00:17.494708
8935	0	0	0.731	1	0:00:17.490690
8940	6	3	0.953	0	0:00:17.499618
8945	1	1	0.953	1	0:00:17.486288
8950	9	9	0.922	1	0:00:17.493834
8955	1	-1	0.0	0	0:00:17.485611
8960	0	0	0.0779	1	0:00:17.485572
8965	4	4	0.169	1	0:00:17.495011
8970	0	0	0.922	1	0:00:17.488000
8975	8	8	0.953	1	0:00:17.483681
8980	9	9	0.953	1	0:00:17.507234
8985	9	0	0.206	0	0:00:17.499206
8990	1	1	0.953	1	0:00:17.483930
8995	9	9	0.578	1	0:00:17.501631
9000	8	8	0.953	1	0:00:17.496239
9005	5	5	0.683	1	0:00:17.501677
9010	8	5	0.104	0	0:00:17.498060
9015	8	8	0.583	1	0:00:17.489072
9020	7	7	0.652	1	0:00:17.508547
9025	5	5	0.736	1	0:00:17.494091
9030	2	-1	0.0	0	0:00:17.493517
9035	4	7	0.0373	0	0:00:17.494599
9040	2	5	0.327	0	0:00:17.497556
9045	0	0	0.953	1	0:00:17.487195
9050	5	3	0.407	0	0:00:17.494579
9055	6	6	0.898	1	0:00:17.486353
9060	9	9	0.862	1	0:00:17.490009
9065	0	0	0.179	1	0:00:17.493597
9070	2	2	0.404	1	0:00:17.488545
9075	0	0	0.953	1	0:00:17.492864
9080	3	3	0.428	1	0:00:17.482100
9085	9	-1	0.0	0	0:00:17.489144
9090	2	2	0.172	1	0:00:17.492666
9095	5	6	0.141	0	0:00:17.491162
9100	9	1	0.112	0	0:00:17.488454
9105	8	8	0.335	1	0:00:17.483592
9110	1	1	0.935	1	0:00:17.501686
9115	8	8	0.953	1	0:00:17.491308
9120	3	0	0.0314	0	0:00:17.487034
9125	1	1	0.768	1	0:00:17.492373
9130	8	8	0.474	1	0:00:17.488360
9135	7	7	0.19	1	0:00:17.505669
9140	7	7	0.081	1	0:00:17.498570
9145	1	1	0.869	1	0:00:17.476393
9150	6	6	0.642	1	0:00:17.497620
9155	5	5	0.652	1	0:00:17.507812
9160	5	3	0.155	0	0:00:17.491883
9165	4	4	0.38	1	0:00:17.478873
9170	0	9	0.0289	0	0:00:17.483599
9175	8	8	0.892	1	0:00:17.481284
9180	5	5	0.892	1	0:00:17.487368
9185	1	-1	0.0	0	0:00:17.487919
9190	3	5	0.0499	0	0:00:17.496428
9195	6	6	0.65	1	0:00:17.482079
9200	8	8	0.431	1	0:00:17.498014
9205	4	4	0.157	1	0:00:17.488359
9210	7	7	0.788	1	0:00:17.471479
9215	5	5	0.232	1	0:00:17.483439
9220	8	8	0.837	1	0:00:17.479479
9225	5	3	0.164	0	0:00:17.485400
9230	2	4	0.0183	0	0:00:17.471662
9235	0	0	0.55	1	0:00:17.486531
9240	8	8	0.721	1	0:00:17.490830
9245	1	1	0.865	1	0:00:17.494719
9250	3	2	0.325	0	0:00:17.477947
9255	3	3	0.218	1	0:00:17.477964
9260	5	5	0.5	1	0:00:17.480720
9265	1	1	0.389	1	0:00:17.447049
9270	9	9	0.801	1	0:00:17.353589
9275	8	8	0.467	1	0:00:17.258476
9280	9	9	0.0511	1	0:00:17.222356
9285	8	8	0.835	1	0:00:17.127543
9290	4	4	0.248	1	0:00:17.088340
9295	3	3	0.185	1	0:00:17.042384
9300	5	3	0.203	0	0:00:16.993061
9305	5	7	0.0352	0	0:00:16.963218
9310	3	-1	0.0	0	0:00:16.921504
9315	7	7	0.318	1	0:00:16.890808
9320	9	9	0.646	1	0:00:16.883094
9325	6	6	0.014	1	0:00:16.884020
9330	4	4	0.263	1	0:00:16.851528
9335	4	4	0.795	1	0:00:16.849885
9340	1	1	0.953	1	0:00:16.749489
9345	1	1	0.576	1	0:00:16.700418
9350	6	6	0.366	1	0:00:16.724000
9355	6	8	0.0304	0	0:00:16.714719
9360	5	0	0.508	0	0:00:16.708838
9365	6	6	0.647	1	0:00:16.720148
9370	8	-1	0.0	0	0:00:16.721364
9375	3	-1	0.0	0	0:00:16.705043
9380	5	5	0.126	1	0:00:16.710168
9385	7	5	0.446	0	0:00:16.707038
9390	7	7	0.886	1	0:00:16.712523
9395	7	7	0.953	1	0:00:16.725543
9400	6	6	0.865	1	0:00:16.709088
9405	8	8	0.5	1	0:00:16.707385
9410	5	5	0.844	1	0:00:16.702233
9415	0	4	0.232	0	0:00:16.707737
9420	5	5	0.659	1	0:00:16.698856
9425	6	6	0.401	1	0:00:16.718334
9430	6	6	0.405	1	0:00:16.722995
9435	2	-1	0.0	0	0:00:16.707890
9440	8	8	0.521	1	0:00:16.726618
9445	9	7	0.254	0	0:00:16.708345
9450	6	6	0.212	1	0:00:16.721011
9455	1	1	0.953	1	0:00:16.708589
9460	3	3	0.236	1	0:00:16.706021
9465	5	7	0.187	0	0:00:16.699209
9470	9	9	0.81	1	0:00:16.720731
9475	2	2	0.213	1	0:00:16.715757
9480	2	2	0.23	1	0:00:16.713288
9485	7	7	0.318	1	0:00:16.727781
9490	8	8	0.434	1	0:00:16.714696
9495	0	0	0.892	1	0:00:16.707523
9500	9	9	0.344	1	0:00:16.715236
9505	3	4	0.177	0	0:00:16.725114
9510	1	1	0.33	1	0:00:16.722115
9515	0	9	0.42	0	0:00:16.709175
9520	1	1	0.339	1	0:00:16.699002
9525	2	2	0.677	1	0:00:16.717103
9530	6	6	0.953	1	0:00:16.722410
9535	1	1	0.169	1	0:00:16.728729
9540	5	5	0.61	1	0:00:16.719622
9545	9	9	0.953	1	0:00:16.713407
9550	6	6	0.898	1	0:00:16.714033
9555	4	4	0.186	1	0:00:16.717088
9560	9	7	0.0995	0	0:00:16.698412
9565	0	0	0.953	1	0:00:16.676899
9570	7	7	0.953	1	0:00:16.688589
9575	5	5	0.381	1	0:00:16.703955
9580	1	1	0.953	1	0:00:16.717494
9585	4	4	0.224	1	0:00:16.703335
9590	0	0	0.67	1	0:00:16.694698
9595	7	7	0.383	1	0:00:16.709534
9600	8	8	0.264	1	0:00:16.711872
9605	5	5	0.64	1	0:00:16.708434
9610	4	4	0.503	1	0:00:16.702831
9615	6	6	0.458	1	0:00:16.723404
9620	4	4	0.165	1	0:00:16.699616
9625	2	2	0.385	1	0:00:16.712331
9630	6	6	0.15	1	0:00:16.716447
9635	7	4	0.0449	0	0:00:16.725312
9640	5	5	0.347	1	0:00:16.711073
9645	1	1	0.953	1	0:00:16.694189
9650	8	8	0.478	1	0:00:16.718286
9655	8	8	0.804	1	0:00:16.712196
9660	6	6	0.953	1	0:00:16.706196
9665	3	5	0.397	0	0:00:16.720469
9670	1	1	0.922	1	0:00:16.718480
9675	4	4	0.451	1	0:00:16.713815
9680	8	8	0.472	1	0:00:16.726213
9685	0	0	0.371	1	0:00:16.713304
9690	4	2	0.00429	0	0:00:16.717112
9695	0	0	0.886	1	0:00:16.709347
9700	0	0	0.734	1	0:00:16.702593
9705	6	6	0.277	1	0:00:16.711422
9710	7	7	0.842	1	0:00:16.720339
9715	4	3	0.0242	0	0:00:16.714134
9720	8	6	0.0052	0	0:00:16.719848
9725	8	8	0.224	1	0:00:16.719197
9730	6	6	0.334	1	0:00:16.720186
9735	6	0	0.3	0	0:00:16.709287
9740	3	6	0.368	0	0:00:16.700119
9745	3	3	0.441	1	0:00:16.718161
9750	2	2	0.291	1	0:00:16.716535
9755	3	2	0.0822	0	0:00:16.731618
9760	9	-1	0.0	0	0:00:16.699679
9765	4	4	0.905	1	0:00:16.697149
9770	4	-1	0.0	0	0:00:16.699633
9775	9	9	0.953	1	0:00:16.709660
9780	4	6	0.172	0	0:00:16.704170
9785	8	8	0.336	1	0:00:16.707460
9790	8	8	0.112	1	0:00:16.718883
9795	4	2	0.152	0	0:00:16.708273
9800	1	1	0.953	1	0:00:16.704253
9805	2	0	0.313	0	0:00:16.697263
9810	8	8	0.331	1	0:00:16.684671
9815	5	2	0.294	0	0:00:16.693003
9820	0	8	0.0791	0	0:00:16.712288
9825	2	2	0.4	1	0:00:16.705426
9830	1	1	0.623	1	0:00:16.701347
9835	7	7	0.74	1	0:00:16.714934
9840	4	7	0.126	0	0:00:16.713347
9845	9	9	0.621	1	0:00:16.711717
9850	7	4	0.451	0	0:00:16.686972
9855	7	7	0.157	1	0:00:16.715616
9860	0	2	0.00375	0	0:00:16.717146
9865	1	1	0.505	1	0:00:16.714383
9870	2	2	0.478	1	0:00:16.694380
9875	9	-1	0.0	0	0:00:16.700431
9880	7	7	0.38	1	0:00:16.689677
9885	8	8	0.654	1	0:00:16.697896
9890	0	0	0.913	1	0:00:16.698199
9895	4	4	0.743	1	0:00:16.698347
9900	8	8	0.818	1	0:00:16.695890
9905	1	1	0.922	1	0:00:16.701986
9910	4	7	0.437	0	0:00:16.712579
9915	2	2	0.803	1	0:00:16.706346
9920	6	6	0.905	1	0:00:16.716810
9925	4	4	0.494	1	0:00:16.713243
9930	8	-1	0.0	0	0:00:16.704909
9935	1	1	0.886	1	0:00:16.709949
9940	4	5	0.221	0	0:00:16.713996
9945	7	7	0.24	1	0:00:16.712974
9950	3	4	0.163	0	0:00:16.701801
9955	8	8	0.922	1	0:00:16.701146
9960	2	0	0.953	0	0:00:16.704554
9965	2	-1	0.0	0	0:00:16.709400
9970	2	4	0.556	0	0:00:16.700169
9975	7	7	0.723	1	0:00:16.707456
9980	0	0	0.953	1	0:00:16.705298
9985	5	5	0.169	1	0:00:16.693870
9990	7	7	0.953	1	0:00:16.710316
9995	8	8	0.953	1	0:00:16.713866
